1.033,30,30,49
B0,mixamorig_Hips,-1,0.9903194308280945,0.024240335449576378,-0.13661937415599823,0,-0.018808960914611816,0.9989856481552124,0.04087824746966362,0,0.13747061789035797,-0.0379159189760685,0.9897716045379639,0,3.1033995151519775,86.17560577392578,126.44747924804688,1
B1,mixamorig_Spine,0,0.9996405839920044,0.0029616188257932663,0.026617495343089104,0,-0.0009268716676160693,0.9970974326133728,-0.07613075524568558,0,-0.026766337454319,0.076078400015831,0.9967416524887085,0,0,10.519874572753906,-0.8701249957084656,1
B2,mixamorig_Spine1,1,0.9982738494873047,0.0006541727925650775,0.05868189409375191,0,-0.001394286286085844,0.9999188184738159,0.012610667385160923,0,-0.05866983160376549,-0.012672963552176952,0.9981947541236877,0,0,12.315089225769043,0,1
B3,mixamorig_Spine2,2,0.9982738494873047,0.0006541727925650775,0.05868189409375191,0,-0.001394286286085844,0.9999188184738159,0.012610667385160923,0,-0.05866983160376549,-0.012672963552176952,0.9981947541236877,0,0,14.074402809143066,0,1
B4,mixamorig_Neck,3,0.9983996748924255,-0.049660131335258484,-0.02702094055712223,0,0.05182407796382904,0.9948947429656982,0.08641188591718674,0,0.022600417956709862,-0.08767516165971756,0.995877206325531,0,0,15.833685874938965,-9.999999974752427e-7,1
B5,mixamorig_Head,4,0.9982426166534424,0.05819312855601311,-0.01081304345279932,0,-0.057989612221717834,0.9981380105018616,0.018328001722693443,0,0.011849663220345974,-0.01766810193657875,0.9997662305831909,0,0,7.97943115234375,1.7699910402297974,1
B6,mixamorig_HeadTop_End,5,1,0,0,0,0,1,0,0,0,0,1,0,0,33.04052734375,7.3290228843688965,1
B7,mixamorig_LeftShoulder,3,0.2520069181919098,0.00945906713604927,-0.9676787257194519,0,0.8136948943138123,-0.5433397889137268,0.20659464597702026,0,-0.5238246917724609,-0.8394596576690674,-0.14462202787399292,0,7.052351951599121,13.737208366394043,-0.19655799865722656,1
B8,mixamorig_LeftArm,7,0.990507960319519,-0.026887787505984306,0.13467077910900116,0,-0.043745655566453934,0.8677210807800293,0.49509087204933167,0,-0.1301853507757187,-0.4963071346282959,0.858315110206604,0,0,15.448463439941406,0,1
B9,mixamorig_LeftForeArm,8,0.5236960053443909,0.845944881439209,-0.10058411210775375,0,-0.8054800033569336,0.5301380753517151,0.26486217975616455,0,0.27738311886787415,-0.05769104138016701,0.959025502204895,0,0,30.993865966796875,0,1
B10,mixamorig_LeftHand,9,0.890006422996521,0.31904155015945435,-0.3254365921020508,0,-0.36332476139068604,0.9276388883590698,-0.08383910357952118,0,0.2749618589878082,0.19289417564868927,0.9417176842689514,0,0,26.93266487121582,0,1
B11,mixamorig_LeftHandThumb1,10,0.9995840191841125,0.005888000130653381,-0.028217000886797905,0,0.009123913943767548,0.8639609813690186,0.50347501039505,0,0.02734299935400486,-0.5035240054130554,0.863548994064331,0,-3.607213020324707,4.416660785675049,1.5861140489578247,1
B12,mixamorig_LeftHandThumb2,11,0.9986460208892822,0.050742000341415405,0.011474999599158764,0,-0.05072600021958351,0.9987109899520874,-0.001689000055193901,0,-0.01154599990695715,0.0011050000321120024,0.9999330043792725,0,-0.8345950245857239,4.661078929901123,0,1
B13,mixamorig_LeftHandThumb3,12,0.9669389724731445,0.25262609124183655,0.03476500138640404,0,-0.25245800614356995,0.9675639867782593,-0.009220999665558338,0,-0.03596699982881546,0.00014000000373926014,0.9993529915809631,0,0.017965000122785568,4.6289520263671875,0,1
B14,mixamorig_LeftHandThumb4,13,1,0,0,0,0,1,0,0,0,0,1,0,0.8166300058364868,3.078640937805176,0,1
B15,mixamorig_LeftHandIndex1,10,0.9924206137657166,-0.12261349707841873,-0.008176076225936413,0,0.10717564821243286,0.8310786485671997,0.5457308888435364,0,-0.06011904403567314,-0.5424708127975464,0.8379209041595459,0,-2.9515719413757324,11.720352172851562,-0.30585798621177673,1
B16,mixamorig_LeftHandIndex2,15,0.9912194013595581,0.09637491405010223,0.09052778035402298,0,-0.11989016085863113,0.3663409352302551,0.9227156639099121,0,0.05576524883508682,-0.9254675507545471,0.3746796250343323,0,0.006603000219911337,4.10668420791626,0,1
B17,mixamorig_LeftHandIndex3,16,0.9999799728393555,0.006339999847114086,-0.000029999999242136255,0,-0.006339999847114086,0.9999799728393555,9.999999974752427e-7,0,0.000029999999242136255,0,1,0,-0.014623000286519527,4.170414924621582,0,1
B18,mixamorig_LeftHandIndex4,17,1,0,0,0,0,1,0,0,0,0,1,0,0.008019999600946903,2.8174169063568115,0,1
B19,mixamorig_LeftHandMiddle1,10,0.9914799332618713,-0.07688632607460022,0.10514199733734131,0,-0.036533601582050323,0.6106529831886292,0.7910552620887756,0,-0.12502728402614594,-0.7881568074226379,0.6026415228843689,0,2.9515719413757324,11.672805786132812,-0.28864800930023193,1
B20,mixamorig_LeftHandMiddle2,19,0.980804979801178,0.1360773891210556,0.13965554535388947,0,-0.1438223272562027,0.021245015785098076,0.989367663860321,0,0.1316661238670349,-0.9904623031616211,0.040408145636320114,0,0.007242000196129084,4.5156378746032715,0,1
B21,mixamorig_LeftHandMiddle3,20,0.999845027923584,0.01761000044643879,0.00016999999934341758,0,-0.01761000044643879,0.999845027923584,-9.999999974752427e-7,0,-0.00016999999934341758,-0.0000019999999949504854,1,0,-0.03149399906396866,3.9918129444122314,0,1
B22,mixamorig_LeftHandMiddle4,21,1,0,0,0,0,1,0,0,0,0,1,0,0.024251999333500862,2.499922037124634,0,1
B23,mixamorig_RightShoulder,3,0.011898587457835674,-0.04810508340597153,0.9987687468528748,0,-0.8090526461601257,-0.5874367952346802,-0.018655018880963326,0,0.5876117944717407,-0.8078386783599854,-0.0459090955555439,0,-7.052351951599121,13.733405113220215,-0.15056799352169037,1
B24,mixamorig_RightArm,23,0.8683616518974304,0.4324592351913452,0.2422517091035843,0,-0.48503875732421875,0.6405567526817322,0.595132052898407,0,0.10218210518360138,-0.6344417333602905,0.7661831378936768,0,0,15.448463439941406,0,1
B25,mixamorig_RightForeArm,24,0.8638988137245178,-0.3642863929271698,0.34753721952438354,0,0.3283098340034485,0.9308913946151733,0.15966932475566864,0,-0.3817092180252075,-0.023779915645718575,0.9239583611488342,0,0,30.9946231842041,0,1
B26,mixamorig_RightHand,25,0.9593048691749573,-0.22819989919662476,0.16494572162628174,0,0.2215609848499298,0.973129391670227,0.05760601535439491,0,-0.1734863668680191,-0.018821319565176964,0.9845728278160095,0,0,26.939443588256836,0,1
B27,mixamorig_RightHandThumb1,26,0.9946883916854858,-0.0910457894206047,-0.04772261530160904,0,0.1023387759923935,0.9195109009742737,0.3793596625328064,0,0.00930112972855568,-0.382220596075058,0.9239701628684998,0,3.5439279079437256,4.408441066741943,1.492277979850769,1
B28,mixamorig_RightHandThumb2,27,0.9213614463806152,0.050269559025764465,0.3854410946369171,0,-0.1337488293647766,0.9720511436462402,0.1929376721382141,0,-0.36496832966804504,-0.22931750118732452,0.9023354053497314,0,0.9346969723701477,4.585586071014404,0,1
B29,mixamorig_RightHandThumb3,28,0.9708889722824097,-0.23556199669837952,-0.04342399910092354,0,0.23528200387954712,0.9718589782714844,-0.011507914401590824,0,0.044913001358509064,0.0009559144964441657,0.998989999294281,0,-0.0998459979891777,4.691793918609619,0,1
B30,mixamorig_RightHandThumb4,29,1,0,0,0,0,1,0,0,0,0,1,0,-0.8348510265350342,3.150557041168213,0,1
B31,mixamorig_RightHandIndex1,26,0.9685322046279907,0.24830472469329834,-0.017011884599924088,0,-0.2040398269891739,0.8312973380088806,0.5170189142227173,0,0.14251892268657684,-0.4972783923149109,0.8558030128479004,0,2.4315149784088135,11.894842147827148,-0.20319899916648865,1
B32,mixamorig_RightHandIndex2,31,0.9986335039138794,0.022385254502296448,-0.04722793772816658,0,0.030645769089460373,0.48116347193717957,0.8760778307914734,0,0.042333681136369705,-0.8763276934623718,0.4798203706741333,0,-0.017883000895380974,3.936624050140381,0,1
B33,mixamorig_RightHandIndex3,32,0.9999960064888,-0.0027660001069307327,0.0001049999991664663,0,0.0027660001069307327,0.9999960064888,0,0,-0.0001049999991664663,0,1,0,0.015507999807596207,4.24350118637085,0,1
B34,mixamorig_RightHandIndex4,33,1,0,0,0,0,1,0,0,0,0,1,0,0.002374999923631549,2.706418037414551,0,1
B35,mixamorig_RightHandMiddle1,26,0.9723101258277893,0.23084916174411774,-0.036344025284051895,0,-0.14939740300178528,0.7336106300354004,0.6629154086112976,0,0.17969323694705963,-0.6391304135322571,0.7477850317955017,0,-2.4315149784088135,11.838314056396484,-0.5215010046958923,1
B36,mixamorig_RightHandMiddle2,35,0.9960687756538391,-0.012492257170379162,-0.08769814670085907,0,0.08544585108757019,0.3965878188610077,0.9139966368675232,0,0.023360559716820717,-0.9178978204727173,0.39609643816947937,0,0.009252999909222126,4.263595104217529,0,1
B37,mixamorig_RightHandMiddle3,36,0.9999970197677612,0.002555999904870987,0.00006199999916134402,0,-0.002555999904870987,0.9999970197677612,8.548837371336049e-8,0,-0.00006199999916134402,-9.999999974752427e-7,1,0,-0.009530999697744846,3.8998448848724365,0,1
B38,mixamorig_RightHandMiddle4,37,1,0,0,0,0,1,0,0,0,0,1,0,0.00027799999224953353,2.5014679431915283,0,1
B39,mixamorig_LeftUpLeg,0,-0.9745670557022095,-0.12004533410072327,0.1891118884086609,0,0.07476804405450821,-0.9701228141784668,-0.23030398786067963,0,0.2111983299255371,-0.21028770506381989,0.9544487595558167,0,10.100275039672852,-5.852019786834717,-1.2185629606246948,1
B40,mixamorig_LeftLeg,39,0.9259752631187439,-0.19389721751213074,-0.32390767335891724,0,0.004011724144220352,0.8629929423332214,-0.5051108598709106,0,0.3774499297142029,0.4664638638496399,0.7999423146247864,0,0,41.08699417114258,0,1
B41,mixamorig_LeftFoot,40,0.9881784319877625,0.14992794394493103,-0.031446460634469986,0,0.0019168441649526358,0.19349227845668793,0.9810373187065125,0,0.15320518612861633,-0.9695025682449341,0.1909342110157013,0,0,36.361061096191406,0,1
B42,mixamorig_LeftToeBase,41,0.9905675053596497,-0.03236868605017662,0.13308586180210114,0,-0.09313787519931793,0.5526137351989746,0.827980637550354,0,-0.10041096806526184,-0.8325774073600769,0.544376790523529,0,0,17.444324493408203,0,1
B43,mixamorig_LeftToe_End,42,1,0,0,0,0,1,0,0,0,0,1,0,0,8.004338264465332,0,1
B44,mixamorig_RightUpLeg,0,-0.9921420812606812,0.03662589564919472,-0.11960742622613907,0,-0.10530777275562286,-0.7605041265487671,0.640562891960144,0,-0.0675356313586235,0.6481289863586426,0.7583869695663452,0,-10.100275039672852,-5.852019786834717,-0.9536399841308594,1
B45,mixamorig_RightLeg,44,0.9997509121894836,0.01578676700592041,-0.015375792048871517,0,-0.020009789615869522,0.9361326694488525,-0.3488576412200928,0,0.008921735920011997,0.34908270835876465,0.9362146258354187,0,0,41.10116195678711,0,1
B46,mixamorig_RightFoot,45,0.997029721736908,-0.010333036072552204,0.07627657055854797,0,-0.07102467864751816,0.25809308886528015,0.9634963274002075,0,-0.029643192887306213,-0.9660515189170837,0.25659143924713135,0,0,36.361106872558594,0,1
B47,mixamorig_RightToeBase,46,0.9987260103225708,0.00774189131334424,-0.04939882457256317,0,0.028690416365861893,0.7179832458496094,0.6951047778129578,0,0.04093341529369354,-0.6956618428230286,0.7168381214141846,0,0,17.255611419677734,0,1
B48,mixamorig_RightToe_End,47,1,0,0,0,0,1,0,0,0,0,1,0,0,7.930048942565918,0,1
@40,0,1,2,3,4,5,7,8,9,10,11,12,13,15,16,17,19,20,21,23,24,25,26,27,28,29,31,32,33,35,36,37,39,40,41,42,44,45,46,47
K0.000,0.9986510276794434,-0.022443000227212906,-0.04682600125670433,0,0.02324800007045269,0.9995899796485901,0.0167239997535944,0,0.046431999653577805,-0.01779000088572502,0.9987630248069763,0,-0.011439000256359577,92.32498168945312,0.9855459928512573,1,0.9999769926071167,0.00107999995816499,-0.006659000180661678,0,-0.0016029999824240804,0.9968670010566711,-0.07908300310373306,0,0.006552999839186668,0.07909200340509415,0.9968460202217102,0,0,10.519874572753906,-0.8701249957084656,1,0.9998890161514282,0.009715000167489052,-0.011262999847531319,0,-0.009638999588787556,0.9999300241470337,0.0068259998224675655,0,0.011328999884426594,-0.0067159999161958694,0.9999129772186279,0,0,12.315089225769043,0,1,0.9998890161514282,0.009715000167489052,-0.011262999847531319,0,-0.009638999588787556,0.9999300241470337,0.0068259998224675655,0,0.011328999884426594,-0.0067170001566410065,0.9999129772186279,0,0,14.074402809143066,0,1,0.9997460246086121,-0.0216669999063015,0.006192999891936779,0,0.02108299918472767,0.9963679909706116,0.082505002617836,0,-0.007957999594509602,-0.08235300332307816,0.9965710043907166,0,0,15.833685874938965,0,1,0.9980499744415283,0.030729999765753746,0.054322000592947006,0,-0.033250000327825546,0.9983829855918884,0.04610700160264969,0,-0.05281699821352959,-0.04782300069928169,0.9974579811096191,0,0,7.97943115234375,1.7699910402297974,1,0.20653900504112244,0.018247999250888824,-0.978268027305603,0,0.8163530230522156,-0.554364025592804,0.16201399266719818,0,-0.539359986782074,-0.8320749998092651,-0.129394993185997,0,7.052351951599121,13.737208366394043,-0.19655799865722656,1,0.9850280284881592,-0.1266389936208725,0.11697100102901459,0,0.03678400069475174,0.8172789812088013,0.5750669836997986,0,-0.16842399537563324,-0.5621539950370789,0.8097010254859924,0,0,15.448463439941406,0,1,0.8181290030479431,0.5194169878959656,-0.24672000110149384,0,-0.44957101345062256,0.8452799916267395,0.28876999020576477,0,0.35853898525238037,-0.1253329962491989,0.9250630140304565,0,0,30.993865966796875,0,1,0.8088439702987671,0.38614699244499207,-0.4434660077095032,0,-0.44234800338745117,0.8964599967002869,-0.026213999837636948,0,0.3874270021915436,0.21736900508403778,0.895907998085022,0,0,26.93266487121582,0,1,0.9995840191841125,0.005888000130653381,-0.028217000886797905,0,0.00912300031632185,0.8639609813690186,0.5034760236740112,0,0.02734299935400486,-0.5035240054130554,0.863548994064331,0,-3.607213020324707,4.416660785675049,1.5861140489578247,1,0.9986460208892822,0.050742000341415405,0.011474999599158764,0,-0.05072600021958351,0.9987109899520874,-0.001689000055193901,0,-0.011544999666512012,0.0011050000321120024,0.9999330043792725,0,-0.8345950245857239,4.661078929901123,0,1,0.9669389724731445,0.2526260018348694,0.03476500138640404,0,-0.25245800614356995,0.9675639867782593,-0.009220999665558338,0,-0.03596699982881546,0.00014000000373926014,0.9993529915809631,0,0.017965000122785568,4.6289520263671875,0,1,0.9881340265274048,-0.1534619927406311,0.00634900014847517,0,0.11056599766016006,0.7394009828567505,0.6641250252723694,0,-0.10661300271749496,-0.6555430293083191,0.7475950121879578,0,-2.9515719413757324,11.720352172851562,-0.30585798621177673,1,0.9861710071563721,0.10676199942827225,0.12676399946212769,0,-0.14060600101947784,0.1340550035238266,0.9809479713439941,0,0.08773499727249146,-0.9852060079574585,0.14721299707889557,0,0.006603000219911337,4.10668420791626,0,1,0.9999799728393555,0.006339999847114086,-0.000029999999242136255,0,-0.006339999847114086,0.9999799728393555,0,0,0.000029999999242136255,0,1,0,-0.014623000286519527,4.170414924621582,0,1,0.9867050051689148,-0.10524599999189377,0.12384200096130371,0,-0.05654999986290932,0.4920539855957031,0.8687260150909424,0,-0.1523669958114624,-0.8641790151596069,0.4795610010623932,0,2.9515719413757324,11.672805786132812,-0.28864800930023193,1,0.9752659797668457,0.13423100113868713,0.17560799419879913,0,-0.14382299780845642,-0.21791300177574158,0.9653130173683167,0,0.16784200072288513,-0.9666929841041565,-0.19321799278259277,0,0.007242000196129084,4.5156378746032715,0,1,0.999845027923584,0.01761000044643879,0.00016999999934341758,0,-0.01761000044643879,0.999845027923584,0,0,-0.00016999999934341758,-0.0000019999999949504854,1,0,-0.03149399906396866,3.9918129444122314,0,1,0.08451499789953232,-0.034251000732183456,0.9958329796791077,0,-0.8263069987297058,-0.5609220266342163,0.05083499848842621,0,0.5568429827690125,-0.8271600008010864,-0.07570800185203552,0,-7.052351951599121,13.733405113220215,-0.15056799352169037,1,0.9263399839401245,0.3709630072116852,-0.06543000042438507,0,-0.25347501039505005,0.7423520088195801,0.620212972164154,0,0.2786479890346527,-0.5579429864883423,0.7817000150680542,0,0,15.448463439941406,0,1,0.8993679881095886,-0.40213900804519653,0.17152799665927887,0,0.34209200739860535,0.8916109800338745,0.29665398597717285,0,-0.2722319960594177,-0.20812299847602844,0.939454972743988,0,0,30.9946231842041,0,1,0.8711820244789124,-0.26586800813674927,0.4127419888973236,0,0.274852991104126,0.9607070088386536,0.03870199993252754,0,-0.40681299567222595,0.07972700148820877,0.9100260138511658,0,0,26.939443588256836,0,1,0.9998239874839783,-0.007996000349521637,0.01696000061929226,0,0.0020550000481307507,0.9457880258560181,0.3247779905796051,0,-0.018636999651789665,-0.3246859908103943,0.9456380009651184,0,3.5439279079437256,4.408441066741943,1.492277979850769,1,0.9252099990844727,0.0030950000509619713,0.3794440031051636,0,-0.07304099947214127,0.9827190041542053,0.17008399963378906,0,-0.3723599910736084,-0.1850779950618744,0.9094470143318176,0,0.9346969723701477,4.585586071014404,0,1,0.9708889722824097,-0.23556199669837952,-0.04342399910092354,0,0.23528200387954712,0.9718589782714844,-0.011506999842822552,0,0.044913001358509064,0.0009560000034980476,0.998989999294281,0,-0.0998459979891777,4.691793918609619,0,1,0.9693679809570312,0.24473699927330017,-0.020740000531077385,0,-0.18302300572395325,0.7760729789733887,0.60350102186203,0,0.16379499435424805,-0.5812180042266846,0.7970929741859436,0,2.4315149784088135,11.894842147827148,-0.20319899916648865,1,0.9984049797058105,0.02005399949848652,-0.05276799947023392,0,0.040803998708724976,0.3895539939403534,0.9200990200042725,0,0.039007000625133514,-0.9207850098609924,0.3881149888038635,0,-0.017883000895380974,3.936624050140381,0,1,0.9999960064888,-0.0027660001069307327,0.0001049999991664663,0,0.0027660001069307327,0.9999960064888,0,0,-0.0001049999991664663,0,1,0,0.015507999807596207,4.24350118637085,0,1,0.9727470278739929,0.22840799391269684,-0.03990799933671951,0,-0.12845100462436676,0.6741359829902649,0.7273520231246948,0,0.1930360049009323,-0.7024030089378357,0.6851040124893188,0,-2.4315149784088135,11.838314056396484,-0.5215010046958923,1,0.9953259825706482,-0.013309000059962273,-0.09565100073814392,0,0.09543099999427795,0.2874029874801636,0.9530439972877502,0,0.014805999584496021,-0.9577170014381409,0.2873300015926361,0,0.009252999909222126,4.263595104217529,0,1,0.9999970197677612,0.002555999904870987,0.00006199999916134402,0,-0.002555999904870987,0.9999970197677612,0,0,-0.00006199999916134402,0,1,0,-0.009530999697744846,3.8998448848724365,0,1,-0.9852570295333862,-0.07828400284051895,0.15212200582027435,0,0.13244099915027618,-0.9118679761886597,0.3885299861431122,0,0.10830000042915344,0.4029490053653717,0.9087920188903809,0,10.100275039672852,-5.852019786834717,-1.2185629606246948,1,0.9989519715309143,-0.04542199894785881,0.0056050000712275505,0,0.023370999842882156,0.40098699927330017,-0.915785014629364,0,0.03934900090098381,0.9149569869041443,0.4016290009021759,0,0,41.08699417114258,0,1,0.9977139830589294,0.000775999971665442,-0.06757599860429764,0,0.060513999313116074,0.4348909854888916,0.8984469771385193,0,0.03008599951863289,-0.9004830121994019,0.4338499903678894,0,0,36.361061096191406,0,1,0.9989089965820312,-0.020250000059604645,0.04209199920296669,0,-0.003765000030398369,0.863303005695343,0.5046719908714294,0,-0.046557001769542694,-0.5042790174484253,0.8622850179672241,0,0,17.444324493408203,0,1,-0.9884690046310425,-0.049501001834869385,-0.14310500025749207,0,0.02550099976360798,-0.9859790205955505,0.16491100192070007,0,-0.14926199615001678,0.15936000645160675,0.9758719801902771,0,-10.100275039672852,-5.852019786834717,-0.9536399841308594,1,0.9881759881973267,0.09213999658823013,0.12255199998617172,0,-0.04525800049304962,0.9389640092849731,-0.34102699160575867,0,-0.14649400115013123,0.3314479887485504,0.932030975818634,0,0,41.10116195678711,0,1,0.9915239810943604,-0.11002799868583679,0.06908699870109558,0,-0.024677999317646027,0.3625890016555786,0.9316220283508301,0,-0.1275549978017807,-0.9254310131072998,0.35680100321769714,0,0,36.361106872558594,0,1,0.9963039755821228,0.0006000000284984708,-0.08589799702167511,0,0.045531000941991806,0.8442620038986206,0.5339919924736023,0,0.07283999770879745,-0.5359299778938293,0.8411149978637695,0,0,17.255611419677734,0,1
K0.033,0.9994350075721741,-0.023268049582839012,-0.024270808324217796,0,0.023691046983003616,0.9995700120925903,0.017273982986807823,0,0.02385880798101425,-0.0178389772772789,0.9995560050010681,0,-0.13121378421783447,92.8168716430664,6.245551109313965,1,0.9999309778213501,-0.0015110078966245055,-0.011626043356955051,0,0.0005910047329962254,0.9968950152397156,-0.07874397933483124,0,0.011709044687449932,0.0787319764494896,0.9968270063400269,0,0,10.519874572753906,-0.8701249957084656,1,0.9997230172157288,0.004698976408690214,-0.023048100993037224,0,-0.004527974408119917,0.9999619722366333,0.007500038016587496,0,0.023083100095391273,-0.007393038831651211,0.999705970287323,0,0,12.315089225769043,0,1,0.9997230172157288,0.004698976408690214,-0.023048100993037224,0,-0.004527974408119917,0.9999619722366333,0.007500038016587496,0,0.023083100095391273,-0.007393038831651211,0.999705970287323,0,0,14.074402809143066,0,1,0.999908983707428,-0.009049833752214909,0.009988056495785713,0,0.008094828575849533,0.9957380294799805,0.09187401086091995,0,-0.01077704131603241,-0.0917850062251091,0.9957209825515747,0,0,15.833685874938965,0,1,0.9983130097389221,0.02499488554894924,0.05239895358681679,0,-0.027045883238315582,0.9988800287246704,0.03881297633051872,0,-0.051369957625865936,-0.040164969861507416,0.997871994972229,0,0,7.97943115234375,1.7699910402297974,1,0.18677091598510742,0.023201018571853638,-0.9821299910545349,0,0.8284119963645935,-0.5410900115966797,0.14475591480731964,0,-0.5280619859695435,-0.8406450152397156,-0.1202789694070816,0,7.052351951599121,13.737208366394043,-0.19655799865722656,1,0.9749928712844849,-0.20518966019153595,0.08535346388816833,0,0.11161283403635025,0.7842308282852173,0.6103479862213135,0,-0.19217398762702942,-0.5855579972267151,0.78752201795578,0,0,15.448463439941406,0,1,0.8341749310493469,0.4973700940608978,-0.23827408254146576,0,-0.43722108006477356,0.8597479462623596,0.2639540135860443,0,0.33613908290863037,-0.11600492149591446,0.9346410036087036,0,0,30.993865966796875,0,1,0.7877300977706909,0.40061596035957336,-0.46796083450317383,0,-0.4503919780254364,0.8928099870681763,0.006168900523334742,0,0.4202708303928375,0.2059059888124466,0.8837280869483948,0,0,26.93266487121582,0,1,0.9995840191841125,0.005888000130653381,-0.028217000886797905,0,0.00912300031632185,0.8639609813690186,0.50347501039505,0,0.02734299935400486,-0.5035240054130554,0.863548994064331,0,-3.607213020324707,4.416660785675049,1.5861140489578247,1,0.9986460208892822,0.050742000341415405,0.011474999599158764,0,-0.05072600021958351,0.9987109899520874,-0.001689000055193901,0,-0.01154599990695715,0.0011050000321120024,0.9999330043792725,0,-0.8345950245857239,4.661078929901123,0,1,0.9669389724731445,0.2526269853115082,0.03476500138640404,0,-0.25245800614356995,0.9675639867782593,-0.009220999665558338,0,-0.03596699982881546,0.00014000000373926014,0.9993529915809631,0,0.017965000122785568,4.6289520263671875,0,1,0.9884300231933594,-0.1516059786081314,0.004643978551030159,0,0.11305402964353561,0.7568051815032959,0.6437897682189941,0,-0.10111694037914276,-0.6358157396316528,0.7651881575584412,0,-2.9515719413757324,11.720352172851562,-0.30585798621177673,1,0.9873489737510681,0.10523797571659088,0.11860290914773941,0,-0.1367279589176178,0.18630056083202362,0.9729318618774414,0,0.0802939161658287,-0.9768399000167847,0.1983325481414795,0,0.006603000219911337,4.10668420791626,0,1,0.9999799728393555,0.006339999847114086,-0.000029999999242136255,0,-0.006339999847114086,0.9999799728393555,0,0,0.000029999999242136255,0,1,0,-0.014623000286519527,4.170414924621582,0,1,0.9872469902038574,-0.10321498662233353,0.12119896709918976,0,-0.05129093676805496,0.5144972205162048,0.8559567928314209,0,-0.15070398151874542,-0.8512568473815918,0.5026422142982483,0,2.9515719413757324,11.672805786132812,-0.28864800930023193,1,0.9764909744262695,0.13537001609802246,0.16774991154670715,0,-0.1445779949426651,-0.16590441763401031,0.9754860401153564,0,0.15988190472126007,-0.9768060445785522,-0.14243243634700775,0,0.007242000196129084,4.5156378746032715,0,1,0.999845027923584,0.01761000044643879,0.00016999999934341758,0,-0.01761000044643879,0.999845027923584,0,0,-0.00016999999934341758,-0.0000019999999949504854,1,0,-0.03149399906396866,3.9918129444122314,0,1,0.09863808751106262,-0.031982991844415665,0.994608998298645,0,-0.831986129283905,-0.5509998202323914,0.06479209661483765,0,0.5459578037261963,-0.8338921070098877,-0.0809590294957161,0,-7.052351951599121,13.733405113220215,-0.15056799352169037,1,0.9106101393699646,0.3949214220046997,-0.12176252156496048,0,-0.23904822766780853,0.7436902523040771,0.6243240237236023,0,0.33711305260658264,-0.5394090414047241,0.7716168761253357,0,0,15.448463439941406,0,1,0.8308875560760498,-0.5475406646728516,0.0991196259856224,0,0.4876856207847595,0.8023484349250793,0.3440912067890167,0,-0.2679330110549927,-0.2375621646642685,0.9336899518966675,0,0,30.9946231842041,0,1,0.8749400973320007,-0.16332325339317322,0.45585694909095764,0,0.16192829608917236,0.9858900904655457,0.04242871701717377,0,-0.45635494589805603,0.036692921072244644,0.8890410661697388,0,0,26.939443588256836,0,1,0.9997119903564453,-0.018857145681977272,0.014821971766650677,0,0.012719142250716686,0.9407199621200562,0.3389451503753662,0,-0.02033402770757675,-0.3386591374874115,0.940688967704773,0,3.5439279079437256,4.408441066741943,1.492277979850769,1,0.9311509728431702,0.0005139071145094931,0.3646339774131775,0,-0.06579587608575821,0.9838209748268127,0.16663596034049988,0,-0.35864895582199097,-0.1791539043188095,0.9161189794540405,0,0.9346969723701477,4.585586071014404,0,1,0.9708889722824097,-0.23556199669837952,-0.04342399910092354,0,0.23528200387954712,0.9718589782714844,-0.011506999842822552,0,0.044913001358509064,0.0009560000034980476,0.998989999294281,0,-0.0998459979891777,4.691793918609619,0,1,0.9692609906196594,0.24509599804878235,-0.02147400565445423,0,-0.17756596207618713,0.7572738528251648,0.6284961700439453,0,0.17030304670333862,-0.6053631901741028,0.7775168418884277,0,2.4315149784088135,11.894842147827148,-0.20319899916648865,1,0.9983699917793274,0.019670994952321053,-0.05358301103115082,0,0.04246901720762253,0.371230810880661,0.9275690317153931,0,0.03813799098134041,-0.9283320307731628,0.36979082226753235,0,-0.017883000895380974,3.936624050140381,0,1,0.9999960064888,-0.0027660001069307327,0.0001049999991664663,0,0.0027660001069307327,0.9999960064888,0,0,-0.0001049999991664663,0,1,0,0.015507999807596207,4.24350118637085,0,1,0.9730579853057861,0.22673998773097992,-0.04180601239204407,0,-0.12101294100284576,0.6565937995910645,0.7444730997085571,0,0.1962520331144333,-0.719356119632721,0.6663418412208557,0,-2.4315149784088135,11.838314056396484,-0.5215010046958923,1,0.9952070116996765,-0.013613002374768257,-0.09683701395988464,0,0.09690701216459274,0.26997581124305725,0.9579780697822571,0,0.013101981021463871,-0.9627710580825806,0.2700018286705017,0,0.009252999909222126,4.263595104217529,0,1,0.9999970197677612,0.002555999904870987,0.00006199999916134402,0,-0.002555999904870987,0.9999970197677612,0,0,-0.00006199999916134402,0,1,0,-0.009530999697744846,3.8998448848724365,0,1,-0.9866529703140259,-0.06226693466305733,0.15046486258506775,0,0.12461892515420914,-0.8834968209266663,0.4515573978424072,0,0.10481786727905273,0.4642803966999054,0.879463791847229,0,10.100275039672852,-5.852019786834717,-1.2185629606246948,1,0.9991220235824585,-0.022827789187431335,0.035131342709064484,0,0.04186911880970001,0.5133223533630371,-0.8571739792823792,0,0.0015335436910390854,0.8578919768333435,0.513827383518219,0,0,41.08699417114258,0,1,0.9976419806480408,0.012134152464568615,-0.06755000352859497,0,0.056953951716423035,0.4028377830982208,0.9134981036186218,0,0.03829612582921982,-0.915191113948822,0.40119674801826477,0,0,36.361061096191406,0,1,0.9972078800201416,-0.012789779342710972,0.07357384264469147,0,-0.02759266458451748,0.8524017930030823,0.5221591591835022,0,-0.06939257681369781,-0.5227312445640564,0.8496687412261963,0,0,17.444324493408203,0,1,-0.986644983291626,-0.04493791610002518,-0.15656113624572754,0,0.031600020825862885,-0.9957360625267029,0.0866653174161911,0,-0.1597881019115448,0.08056031167507172,0.9838590025901794,0,-10.100275039672852,-5.852019786834717,-0.9536399841308594,1,0.9857609272003174,0.09451910853385925,0.1390761435031891,0,-0.046895064413547516,0.9487829804420471,-0.31242796778678894,0,-0.16148418188095093,0.30145692825317383,0.939706027507782,0,0,41.10116195678711,0,1,0.9904950261116028,-0.1185661032795906,0.06972198933362961,0,-0.02358599752187729,0.35298076272010803,0.9353331327438354,0,-0.13550908863544464,-0.9280880689620972,0.34682872891426086,0,0,36.361106872558594,0,1,0.996491014957428,-0.0008220114395953715,-0.08369601517915726,0,0.0458880178630352,0.8416479825973511,0.5380740165710449,0,0.07000099867582321,-0.5400260090827942,0.8387320041656494,0,0,17.255611419677734,0,1
K0.067,0.999584972858429,-0.028327949345111847,-0.005160190165042877,0,0.028404952958226204,0.9994760155677795,0.015509017743170261,0,0.004718190524727106,-0.01564902253448963,0.9998660087585449,0,-0.21011720597743988,92.71971130371094,11.460007667541504,1,0.9998689889907837,-0.002302992157638073,-0.01603095605969429,0,0.0010639952961355448,0.9970449805259705,-0.07681801915168762,0,0.016160955652594566,0.07679102569818497,0.9969159960746765,0,0,10.519874572753906,-0.8701249957084656,1,0.9994500279426575,0.0023470232263207436,-0.03308190032839775,0,-0.00197302526794374,0.9999340176582336,0.011331961490213871,0,0.03310589864850044,-0.011259961873292923,0.9993879795074463,0,0,12.315089225769043,0,1,0.9994500279426575,0.0023470232263207436,-0.03308190032839775,0,-0.00197302526794374,0.9999340176582336,0.011331961490213871,0,0.03310589864850044,-0.011259961873292923,0.9993879795074463,0,0,14.074402809143066,0,1,0.9998480081558228,0.007645834237337112,0.01563994400203228,0,-0.00906382966786623,0.9956520199775696,0.09271199256181717,0,-0.014862959273159504,-0.09283999353647232,0.9955700039863586,0,0,15.833685874938965,0,1,0.9987639784812927,0.013615112751722336,0.047802045941352844,0,-0.015367116779088974,0.9992160201072693,0.036477021872997284,0,-0.047267042100429535,-0.03716602921485901,0.9981909990310669,0,0,7.97943115234375,1.7699910402297974,1,0.1774010956287384,0.02504098229110241,-0.9838200211524963,0,0.8290420174598694,-0.5424759984016418,0.1356840878725052,0,-0.5303009748458862,-0.8396980166435242,-0.11699502915143967,0,7.052351951599121,13.737208366394043,-0.19655799865722656,1,0.9620921015739441,-0.270866334438324,0.031794533133506775,0,0.19529016315937042,0.7656041979789734,0.6129530072212219,0,-0.19037000834941864,-0.5835080146789551,0.7894790172576904,0,0,15.448463439941406,0,1,0.8256680369377136,0.5068118572235107,-0.24781790375709534,0,-0.44566890597343445,0.8552920818328857,0.26429998874664307,0,0.34590691328048706,-0.1077800840139389,0.9320579767227173,0,0,30.993865966796875,0,1,0.7993409037590027,0.39725202322006226,-0.4508281648159027,0,-0.4467500150203705,0.8946509957313538,-0.0037789009511470795,0,0.4018321931362152,0.20442801713943481,0.8926029205322266,0,0,26.93266487121582,0,1,0.9995840191841125,0.005888000130653381,-0.028217000886797905,0,0.00912300031632185,0.8639609813690186,0.50347501039505,0,0.02734299935400486,-0.5035240054130554,0.863548994064331,0,-3.607213020324707,4.416660785675049,1.5861140489578247,1,0.9986460208892822,0.050742000341415405,0.011474999599158764,0,-0.05072600021958351,0.9987109899520874,-0.001689000055193901,0,-0.011544999666512012,0.0011050000321120024,0.9999330043792725,0,-0.8345950245857239,4.661078929901123,0,1,0.9669389724731445,0.2526260018348694,0.03476500138640404,0,-0.25245800614356995,0.9675639867782593,-0.009220999665558338,0,-0.03596699982881546,0.00014000000373926014,0.9993529915809631,0,0.017965000122785568,4.6289520263671875,0,1,0.9886670112609863,-0.15010401606559753,0.0025020211469382048,0,0.11627396941184998,0.7761678099632263,0.619712233543396,0,-0.09496305882930756,-0.6123982667922974,0.7848248481750488,0,-2.9515719413757324,11.720352172851562,-0.30585798621177673,1,0.98860102891922,0.10306601971387863,0.10974908620119095,0,-0.13202004134655,0.24302443861961365,0.9609941244125366,0,0.07237508147954941,-0.9645290970802307,0.2538614273071289,0,0.006603000219911337,4.10668420791626,0,1,0.9999799728393555,0.006339999847114086,-0.000029999999242136255,0,-0.006339999847114086,0.9999799728393555,0,0,0.000029999999242136255,0,1,0,-0.014623000286519527,4.170414924621582,0,1,0.987820029258728,-0.10145701467990875,0.11797703057527542,0,-0.04491206258535385,0.5400237441062927,0.840451180934906,0,-0.1489800214767456,-0.8355121612548828,0.5288897752761841,0,2.9515719413757324,11.672805786132812,-0.28864800930023193,1,0.97782301902771,0.13621598482131958,0.15908509492874146,0,-0.14492100477218628,-0.10830457508563995,0.9834979176521301,0,0.15119808912277222,-0.9847409129142761,-0.08616156131029129,0,0.007242000196129084,4.5156378746032715,0,1,0.999845027923584,0.01761000044643879,0.00016999999934341758,0,-0.01761000044643879,0.999845027923584,0,0,-0.00016999999934341758,-0.0000019999999949504854,1,0,-0.03149399906396866,3.9918129444122314,0,1,0.10749790817499161,-0.03130200877785683,0.9937120079994202,0,-0.8419528603553772,-0.5344181656837463,0.07424690574407578,0,0.5287342071533203,-0.8446398973464966,-0.0838029682636261,0,-7.052351951599121,13.733405113220215,-0.15056799352169037,1,0.9250118732452393,0.33772656321525574,-0.17405147850513458,0,-0.1621367633342743,0.765184760093689,0.6230599880218506,0,0.3436059355735779,-0.5481179356575012,0.7625631093978882,0,0,15.448463439941406,0,1,0.7899234294891357,-0.6101014018058777,0.061621371656656265,0,0.5511053204536438,0.7503985166549683,0.36494380235671997,0,-0.2688930034637451,-0.2543178200721741,0.9289880394935608,0,0,30.9946231842041,0,1,0.8887059092521667,-0.08859574794769287,0.4498370587825775,0,0.09217169135808945,0.9956448674201965,0.013998282141983509,0,-0.449118047952652,0.029022077098488808,0.8930009603500366,0,0,26.939443588256836,0,1,0.9993699789047241,-0.0333588533103466,0.012074027210474014,0,0.026916857808828354,0.9346790313720703,0.3544728457927704,0,-0.02310997247695923,-0.35392484068870544,0.9349880814552307,0,3.5439279079437256,4.408441066741943,1.492277979850769,1,0.9328389763832092,-0.00877090822905302,0.36018604040145874,0,-0.05314912647008896,0.9854170083999634,0.1616460382938385,0,-0.35635101795196533,-0.16993309557437897,0.9187690019607544,0,0.9346969723701477,4.585586071014404,0,1,0.9708889722824097,-0.23556199669837952,-0.04342399910092354,0,0.23528200387954712,0.9718589782714844,-0.011506999842822552,0,0.044913001358509064,0.0009560000034980476,0.998989999294281,0,-0.0998459979891777,4.691793918609619,0,1,0.9693139791488647,0.24483299255371094,-0.022082993760704994,0,-0.17292603850364685,0.7429501414299011,0.6466228365898132,0,0.17472095787525177,-0.6229618191719055,0.7624901533126831,0,2.4315149784088135,11.894842147827148,-0.20319899916648865,1,0.9983239769935608,0.0192010048776865,-0.05459398776292801,0,0.04432498291134834,0.3528531789779663,0.9346279501914978,0,0.037209007889032364,-0.9354819655418396,0.3514101803302765,0,-0.017883000895380974,3.936624050140381,0,1,0.9999960064888,-0.0027660001069307327,0.0001049999991664663,0,0.0027660001069307327,0.9999960064888,0,0,-0.0001049999991664663,0,1,0,0.015507999807596207,4.24350118637085,0,1,0.9732130169868469,0.22585901618003845,-0.04293898865580559,0,-0.11523506045341492,0.6408331990242004,0.7589828968048096,0,0.1989399641752243,-0.7337038516998291,0.6496942043304443,0,-2.4315149784088135,11.838314056396484,-0.5215010046958923,1,0.9950780272483826,-0.013933997601270676,-0.09811298549175262,0,0.09845498204231262,0.2515491843223572,0.9628239274024963,0,0.011264018714427948,-0.9677439332008362,0.25168219208717346,0,0.009252999909222126,4.263595104217529,0,1,0.9999970197677612,0.002555999904870987,0.00006199999916134402,0,-0.002555999904870987,0.9999970197677612,0,0,-0.00006199999916134402,0,1,0,-0.009530999697744846,3.8998448848724365,0,1,-0.9889280200004578,-0.055687066167593,0.13755513727664948,0,0.11690407246351242,-0.8632991909980774,0.4909656047821045,0,0.09141013771295547,0.5016106367111206,0.8602501749992371,0,10.100275039672852,-5.852019786834717,-1.2185629606246948,1,0.9975810050964355,-0.0017432095482945442,0.06949765980243683,0,0.05376388132572174,0.6530996561050415,-0.755361020565033,0,-0.04407154396176338,0.7572700381278992,0.6516136527061462,0,0,41.08699417114258,0,1,0.9973490238189697,0.027369849383831024,-0.06742099672555923,0,0.0519680492579937,0.38061320781707764,0.9232729077339172,0,0.05093187466263771,-0.9243288636207581,0.37818124890327454,0,0,36.361061096191406,0,1,0.9874511361122131,0.009274780750274658,0.15765516459941864,0,-0.09399633854627609,0.8367182016372681,0.5395067930221558,0,-0.12690843641757965,-0.5475557446479797,0.827089250087738,0,0,17.444324493408203,0,1,-0.9847679734230042,-0.036468084901571274,-0.17000587284564972,0,0.0338989794254303,-0.9992629289627075,0.017990682274103165,0,-0.17053689062595367,0.011953681707382202,0.9852790236473083,0,-10.100275039672852,-5.852019786834717,-0.9536399841308594,1,0.9823090434074402,0.10558588802814484,0.15466484427452087,0,-0.053291935473680496,0.9493600130081177,-0.30963703989982605,0,-0.17952582240104675,0.2959170639514923,0.9381920099258423,0,0,41.10116195678711,0,1,0.9892709851264954,-0.12868189811706543,0.06916100531816483,0,-0.023405002430081367,0.3276972472667694,0.9444928765296936,0,-0.14420291781425476,-0.9359789490699768,0.32116925716400146,0,0,36.361106872558594,0,1,0.9963880181312561,-0.001966988667845726,-0.08489598333835602,0,0.04767398163676262,0.8402760028839111,0.540058970451355,0,0.0702740028500557,-0.5421559810638428,0.8373339772224426,0,0,17.255611419677734,0,1
