1.033,30,30,49
B0,mixamorig_Hips,-1,0.9997810125350952,-0.017947692424058914,0.008363192901015282,0,0.01787031628191471,0.9998124837875366,0.00632818229496479,0,-0.008479409851133823,-0.006169147789478302,0.9999154806137085,0,2.1256542205810547,41.28922653198242,1.5607845783233643,1
B1,mixamorig_Spine,0,0.9988836646080017,-0.010790377855300903,-0.04282309114933014,0,0.010517674498260021,0.9999212026596069,-0.005336867179721594,0,0.04288671165704727,0.004833764396607876,0.9989261627197266,0,0,4.998507976531982,-0.3862130045890808,1
B2,mixamorig_Spine1,1,0.9996469020843506,-0.009154117666184902,-0.02451818808913231,0,0.009726776741445065,0.9996694326400757,0.023692715913057327,0,0.02429499477148056,-0.023928100243210793,0.9994065165519714,0,0,5.848974227905273,0,1
B3,mixamorig_Spine2,2,0.9996320009231567,-0.008516322821378708,-0.025350425392389297,0,0.00908969808369875,0.9996939897537231,0.022917527705430984,0,0.025149328634142876,-0.02314426749944687,0.9994040727615356,0,0,6.684545040130615,0,1
B4,mixamorig_Neck,3,0.9986775517463684,-0.049974530935287476,-0.01121471170336008,0,0.05068420618772507,0.9958312511444092,0.0757913812994957,0,0.007378433831036091,-0.07626954466104507,0.9970532059669495,0,0,7.520103931427002,0,1
B5,mixamorig_Head,4,0.9990537166595459,0.03758464381098747,0.015873383730649948,0,-0.03662090748548508,0.9973644614219666,-0.06194169819355011,0,-0.01811397448182106,0.061214108020067215,0.9978507161140442,0,0,3.3523709774017334,0.7353249788284302,1
B6,mixamorig_HeadTop_End,5,1,0,0,0,0,1,0,0,0,0,1,0,0,16.323562622070312,3.5804879665374756,1
B7,mixamorig_LeftShoulder,3,0.07975215464830399,0.015582801774144173,-0.9966914057731628,0,0.8575782179832458,-0.5107323527336121,0.06063088774681091,0,-0.5080973505973816,-0.8595784306526184,-0.05410407483577728,0,3.5763509273529053,6.494558811187744,-0.09073200076818466,1
B8,mixamorig_LeftArm,7,0.9468481540679932,0.11306428909301758,-0.2995547354221344,0,0.1283179074525833,0.7228664755821228,0.6780200600624084,0,0.2928920090198517,-0.6812542676925659,0.670595109462738,0,0,7.347099781036377,0,1
B9,mixamorig_LeftForeArm,8,0.9844377040863037,0.17415541410446167,0.008785080164670944,0,-0.17426757514476776,0.9843519926071167,0.014251599088311195,0,-0.0061267889104783535,-0.01556050032377243,0.9998582601547241,0,0,14.504785537719727,0,1
B10,mixamorig_LeftHand,9,0.9731728434562683,0.18287938833236694,-0.13883568346500397,0,-0.13690400123596191,0.9477221965789795,0.28811758756637573,0,0.18429675698280334,-0.2613135576248169,0.9473768472671509,0,0,12.8273286819458,0,1
B11,mixamorig_LeftHandThumb1,10,0.9497699737548828,0.08390700072050095,-0.30149000883102417,0,-0.0007469999836757779,0.9639919996261597,0.26593199372291565,0,0.31294700503349304,-0.25234898924827576,0.9156330227851868,0,-1.6179039478302002,2.0895450115203857,0.703840970993042,1
B12,mixamorig_LeftHandThumb2,11,0.9841510653495789,-0.1742105633020401,-0.029023287817835808,0,0.17415285110473633,0.9845971465110779,-0.005101590417325497,0,0.02951696515083313,0.00005625730045721866,0.9995400905609131,0,-0.3463509976863861,2.1602671146392822,0,1
B13,mixamorig_LeftHandThumb3,12,0.9147102236747742,0.27724361419677734,-0.2940025329589844,0,-0.35502126812934875,0.8988606333732605,-0.25691795349121094,0,0.1930389553308487,0.3393821716308594,0.9206241965293884,0,-0.05990799888968468,2.3155341148376465,0,1
B14,mixamorig_LeftHandThumb4,13,1,0,0,0,0,1,0,0,0,0,1,0,0.40626001358032227,1.5598150491714478,0,1
B15,mixamorig_LeftHandIndex1,10,0.9745471477508545,-0.22396749258041382,-0.009778804145753384,0,0.21186301112174988,0.9058928489685059,0.36659979820251465,0,-0.07325471937656403,-0.3593378961086273,0.9302865862846375,0,-1.4441009759902954,5.686261177062988,-0.12122400104999542,1
B16,mixamorig_LeftHandIndex2,15,0.9998866319656372,-0.014932088553905487,-0.0020123629365116358,0,0.01494345162063837,0.9657384157180786,0.2590853273868561,0,-0.0019253628561273217,-0.25908568501472473,0.9658524394035339,0,0.0008950000046752393,1.9259190559387207,0,1
B17,mixamorig_LeftHandIndex3,16,0.9999290108680725,-0.011819452047348022,-0.0015943628968670964,0,0.011829089373350143,0.9657814502716064,0.2590886652469635,0,-0.001522362814284861,-0.25908932089805603,0.9658524394035339,0,-0.0019180000526830554,1.9583150148391724,0,1
B18,mixamorig_LeftHandIndex4,17,1,0,0,0,0,1,0,0,0,0,1,0,0.0010229999898001552,1.312608003616333,0,1
B19,mixamorig_LeftHandMiddle1,10,0.9530624747276306,-0.30209749937057495,-0.020235974341630936,0,0.27231523394584656,0.8260552287101746,0.4934033453464508,0,-0.1323387771844864,-0.47575515508651733,0.8695479035377502,0,1.4441020488739014,5.8092241287231445,-0.06036600098013878,1
B20,mixamorig_LeftHandMiddle2,19,0.9996150135993958,-0.027577292174100876,-0.003034097608178854,0,0.027612293139100075,0.978242814540863,0.20561514794826508,0,-0.0027020976413041353,-0.2056201547384262,0.9786284565925598,0,0.013069000095129013,2.0449368953704834,0,1
B21,mixamorig_LeftHandMiddle3,20,0.9999939799308777,-0.003024292876943946,-0.0017411859007552266,0,0.003352929838001728,0.9708659648895264,0.23959960043430328,0,0.0009657256305217743,-0.23960360884666443,0.9708705544471741,0,-0.016081999987363815,1.8211649656295776,0,1
B22,mixamorig_LeftHandMiddle4,21,1,0,0,0,0,1,0,0,0,0,1,0,0.0030129998922348022,1.1293100118637085,0,1
B23,mixamorig_RightShoulder,3,0.07812950015068054,-0.014165389351546764,0.9968425035476685,0,-0.8702712059020996,-0.4887479543685913,0.06126438081264496,0,0.4863373339176178,-0.8723096251487732,-0.050512537360191345,0,-3.5763509273529053,6.492794036865234,-0.06788499653339386,1
B24,mixamorig_RightArm,23,0.887307345867157,-0.39232680201530457,0.24233287572860718,0,0.185095876455307,0.7842509746551514,0.5917664766311646,0,-0.4221169948577881,-0.4803021252155304,0.7685422301292419,0,0,7.347099781036377,0,1
B25,mixamorig_RightForeArm,24,0.9372955560684204,-0.3471883535385132,-0.013254465535283089,0,0.347428560256958,0.9368938207626343,0.02748972922563553,0,0.0028136714827269316,-0.03037055768072605,0.9995319843292236,0,0,14.505090713500977,0,1
B26,mixamorig_RightHand,25,0.8953049182891846,-0.42348718643188477,0.13738924264907837,0,0.4123194217681885,0.9051629900932312,0.10257524996995926,0,-0.16783693432807922,-0.03506523370742798,0.9851042628288269,0,0,12.831805229187012,0,1
B27,mixamorig_RightHandThumb1,26,0.9181793332099915,-0.08288499712944031,0.38739699125289917,0,-0.0797673687338829,0.9191619753837585,0.3857170045375824,0,-0.38805100321769714,-0.3850589990615845,0.8373439908027649,0,1.7199859619140625,2.094611883163452,0.6940950155258179,1
B28,mixamorig_RightHandThumb2,27,0.9896703362464905,0.14219211041927338,0.00683448975905776,0,-0.14158590137958527,0.9882087707519531,-0.055621206760406494,0,-0.014593093656003475,0.05414827540516853,0.9984115362167358,0,0.4443250000476837,2.1936678886413574,0,1
B29,mixamorig_RightHandThumb3,28,0.9590569138526917,-0.26508569717407227,-0.09969136118888855,0,0.21573889255523682,0.9118614196777344,-0.3492359519004822,0,0.18348251283168793,0.3134300112724304,0.9317166209220886,0,-0.04503500089049339,2.2375869750976562,0,1
B30,mixamorig_RightHandThumb4,29,1,0,0,0,0,1,0,0,0,0,1,0,-0.3992899954319,1.5004229545593262,0,1
B31,mixamorig_RightHandIndex1,26,0.9885700941085815,0.1496008187532425,-0.018644273281097412,0,-0.13727746903896332,0.9443814158439636,0.2987997829914093,0,0.06231219694018364,-0.2928246259689331,0.9541247487068176,0,1.2493400573730469,5.719580173492432,-0.09658200293779373,1
B32,mixamorig_RightHandIndex2,31,0.9986841082572937,0.05022251978516579,0.01041339710354805,0,-0.05019351840019226,0.9151986837387085,0.39986345171928406,0,0.010551759041845798,-0.3998594582080841,0.9165152907371521,0,-0.010480999946594238,1.980409026145935,0,1
B33,mixamorig_RightHandIndex3,32,0.9998942613601685,0.014379234984517097,0.001981247216463089,0,-0.01450096070766449,0.9836263060569763,0.17963291704654694,0,0.0006346189766190946,-0.179642915725708,0.9837314486503601,0,0.009263000451028347,1.944262981414795,0,1
B34,mixamorig_RightHandIndex4,33,1,0,0,0,0,1,0,0,0,0,1,0,0.0012179999612271786,1.2091100215911865,0,1
B35,mixamorig_RightHandMiddle1,26,0.973714292049408,0.22630466520786285,0.025813529267907143,0,-0.22338683903217316,0.9266828894615173,0.3022505044937134,0,0.044480837881565094,-0.3000721037387848,0.9528781175613403,0,-1.2493400573730469,5.73362398147583,-0.20464399456977844,1
B36,mixamorig_RightHandMiddle2,35,0.9988872408866882,0.04497165232896805,0.01420785766094923,0,-0.044951289892196655,0.8166557550430298,0.5753710269927979,0,0.014272494241595268,-0.5753700137138367,0.8177685737609863,0,-0.00007000000186963007,2.0563859939575195,0,1
B37,mixamorig_RightHandMiddle3,36,0.9996119141578674,0.027421370148658752,0.004948149435222149,0,-0.027428369969129562,0.9370734691619873,0.34805211424827576,0,0.004906786605715752,-0.34805309772491455,0.9374616146087646,0,-0.00014200000441633165,1.8229409456253052,0,1
B38,mixamorig_RightHandMiddle4,37,1,0,0,0,0,1,0,0,0,0,1,0,0.0002119999990100041,1.1407840251922607,0,1
B39,mixamorig_LeftUpLeg,0,-0.9936711192131042,0.013776886276900768,0.1114506796002388,0,0.05059458687901497,-0.8306267261505127,0.5537508130073547,0,0.10013048350811005,0.555889904499054,0.8246859312057495,0,4.825383186340332,-2.767975091934204,-0.47043800354003906,1
B40,mixamorig_LeftLeg,39,0.9921250343322754,-0.12173009663820267,-0.02924952656030655,0,0.07766395807266235,0.7820524573326111,-0.6180993318557739,0,0.0981200635433197,0.6109591722488403,0.785348117351532,0,0,19.313034057617188,0,1
B41,mixamorig_LeftFoot,40,0.9924119114875793,0.10685465484857559,-0.06041550263762474,0,0.004950538743287325,0.4582296907901764,0.8878211379051208,0,0.12273187190294266,-0.8813691139221191,0.45424214005470276,0,0,17.529306411743164,0,1
B42,mixamorig_LeftToeBase,41,0.9988278150558472,-0.0038598820101469755,0.04824820160865784,0,-0.02394825778901577,0.8268392086029053,0.5619224309921265,0,-0.04206264391541481,-0.5624191761016846,0.8257772922515869,0,0,8.28304672241211,0,1
B43,mixamorig_LeftToe_End,42,1,0,0,0,0,1,0,0,0,0,1,0,0,3.812998056411743,0,1
B44,mixamorig_RightUpLeg,0,-0.967597484588623,0.13422973453998566,-0.2135518491268158,0,-0.11631511151790619,-0.9864321351051331,-0.0902276262640953,0,-0.2233377993106842,-0.06232494115829468,0.9700266718864441,0,-4.825383186340332,-2.767975091934204,-0.32127898931503296,1
B45,mixamorig_RightLeg,44,0.995860755443573,-0.014592144638299942,0.07200170308351517,0,0.06193968281149864,0.5426876544952393,-0.8297416567802429,0,-0.028212465345859528,0.8312097191810608,0.540833592414856,0,0,19.321796417236328,0,1
B46,mixamorig_RightFoot,45,0.9773290753364563,0.20748354494571686,0.03338685259222984,0,-0.16558566689491272,0.6587870717048645,0.7332159280776978,0,0.12977690994739532,-0.7221139669418335,0.6784867644309998,0,0,17.528348922729492,0,1
B47,mixamorig_RightToeBase,46,0.997098982334137,0.03805181011557579,-0.059835150837898254,0,0.027605971321463585,0.6084747910499573,0.7786882519721985,0,0.06682392954826355,-0.7779866456985474,0.6057385802268982,0,0,8.195274353027344,0,1
B48,mixamorig_RightToe_End,47,1,0,0,0,0,1,0,0,0,0,1,0,0,3.7776100635528564,0,1
@40,0,1,2,3,4,5,7,8,9,10,11,12,13,15,16,17,19,20,21,23,24,25,26,27,28,29,31,32,33,35,36,37,39,40,41,42,44,45,46,47
K0.000,0.9993900060653687,0.010955000296235085,-0.03316299989819527,0,-0.009820999577641487,0.9993680119514465,0.034161001443862915,0,0.03351600095629692,-0.03381500020623207,0.9988660216331482,0,0.010703000240027905,44.282371520996094,0.3959999978542328,1,0.9996569752693176,-0.014228000305593014,0.022007999941706657,0,0.013549000024795532,0.9994379878044128,0.030671000480651855,0,-0.022431999444961548,-0.030362000688910484,0.9992870092391968,0,0,4.998507976531982,-0.3862130045890808,1,0.9988769888877869,0.01626800000667572,0.044488001614809036,0,-0.018171999603509903,0.9989209771156311,0.04272900149226189,0,-0.043744999915361404,-0.04349000006914139,0.9980959892272949,0,0,5.848974227905273,0,1,0.9988669753074646,0.018281999975442886,0.043942999094724655,0,-0.020138999447226524,0.9989060163497925,0.042194001376628876,0,-0.0431240014731884,-0.043032001703977585,0.9981430172920227,0,0,6.684545040130615,0,1,0.999301016330719,-0.0015810000477358699,-0.037349000573158264,0,0.004141999874264002,0.9976369738578796,0.06858299672603607,0,0.03715299814939499,-0.0686890035867691,0.9969459772109985,0,0,7.520103931427002,0,1,0.9963399767875671,-0.03709600120782852,-0.07700999826192856,0,0.03264699876308441,0.997767984867096,-0.05825499817728996,0,0.07899899780750275,0.05552700161933899,0.9953269958496094,0,0,3.3523709774017334,0.7353249788284302,1,0.11671999841928482,0.013636999763548374,-0.9930710196495056,0,0.8595150113105774,-0.5023689866065979,0.09412399679422379,0,-0.49760499596595764,-0.864546000957489,-0.07035700231790543,0,3.5763509273529053,6.494558811187744,-0.09073200076818466,1,0.9115779995918274,0.31352099776268005,-0.2659519910812378,0,-0.0313510000705719,0.6980109810829163,0.7154009938240051,0,0.4099310040473938,-0.643805980682373,0.646120011806488,0,0,7.347099781036377,0,1,0.9815289974212646,0.19109900295734406,0.009022999554872513,0,-0.19122199714183807,0.9814220070838928,0.015637999400496483,0,-0.005867000203579664,-0.01707500033080578,0.9998369812965393,0,0,14.504785537719727,0,1,0.9762030243873596,0.18028800189495087,-0.12051299959421158,0,-0.1511079967021942,0.9641159772872925,0.21828299760818481,0,0.15554200112819672,-0.1948779970407486,0.9684159755706787,0,0,12.8273286819458,0,1,0.9497699737548828,0.08390700072050095,-0.30149000883102417,0,-0.0007469999836757779,0.9639909863471985,0.26593199372291565,0,0.31294700503349304,-0.25234898924827576,0.9156330227851868,0,-1.6179039478302002,2.0895450115203857,0.703840970993042,1,0.9956169724464417,-0.06908199936151505,-0.06304100155830383,0,0.06718999892473221,0.9972379803657532,-0.031661998480558395,0,0.06505399942398071,0.02728700079023838,0.9975090026855469,0,-0.3463509976863861,2.1602671146392822,0,1,0.9332249760627747,0.24419499933719635,-0.2635520100593567,0,-0.31051498651504517,0.917186975479126,-0.2496969997882843,0,0.1807509958744049,0.3148599863052368,0.931768000125885,0,-0.05990799888968468,2.3155341148376465,0,1,0.9878339767456055,-0.1547590047121048,0.015273000113666058,0,0.14378300309181213,0.9463350176811218,0.28944000601768494,0,-0.05924699828028679,-0.28372299671173096,0.957073986530304,0,-1.4441009759902954,5.686261177062988,-0.12122400104999542,1,0.9998850226402283,-0.015053000301122665,-0.0020469999872148037,0,0.015065000392496586,0.9651110172271729,0.2614080011844635,0,-0.001959000015631318,-0.2614090144634247,0.9652259945869446,0,0.0008950000046752393,1.9259190559387207,0,1,0.9999269843101501,-0.011940999887883663,-0.001626000041142106,0,0.011951000429689884,0.9651529788970947,0.26141199469566345,0,-0.001551999943330884,-0.26141300797462463,0.9652259945869446,0,-0.0019180000526830554,1.9583150148391724,0,1,0.9558560252189636,-0.29338300228118896,-0.016287999227643013,0,0.27023500204086304,0.8559679985046387,0.4407860040664673,0,-0.11537700146436691,-0.42572999000549316,0.8974639773368835,0,1.4441020488739014,5.8092241287231445,-0.06036600098013878,1,0.9996129870414734,-0.027650000527501106,-0.0030610000248998404,0,0.027684999629855156,0.9779819846153259,0.20684699714183807,0,-0.0027260000351816416,-0.2068520039319992,0.9783689975738525,0,0.013069000095129013,2.0449368953704834,0,1,0.9999939799308777,-0.0030980000738054514,-0.0017559999832883477,0,0.00343000004068017,0.9705640077590942,0.2408200055360794,0,0.0009580000187270343,-0.24082499742507935,0.9705680012702942,0,-0.016081999987363815,1.8211649656295776,0,1,0.033952999860048294,-0.016946999356150627,0.9992799758911133,0,-0.8559489846229553,-0.5166599750518799,0.02032100036740303,0,0.5159440040588379,-0.8560230135917664,-0.032047998160123825,0,-3.5763509273529053,6.492794036865234,-0.06788499653339386,1,0.8969699740409851,-0.4072889983654022,0.1719300001859665,0,0.2244649976491928,0.7546160221099854,0.6165800094604492,0,-0.38086700439453125,-0.5144619941711426,0.7682899832725525,0,0,7.347099781036377,0,1,0.9196680188179016,-0.39242398738861084,-0.014649000018835068,0,0.39269500970840454,0.9191439747810364,0.031070999801158905,0,0.001272000023163855,-0.034327998757362366,0.9994099736213684,0,0,14.505090713500977,0,1,0.9747779965400696,-0.22315500676631927,-0.0029819998890161514,0,0.22134099900722504,0.9649689793586731,0.14086300134658813,0,-0.028557000681757927,-0.13797099888324738,0.990024983882904,0,0,12.831805229187012,0,1,0.918179988861084,-0.08288499712944031,0.38739699125289917,0,-0.07976700365543365,0.9191619753837585,0.3857170045375824,0,-0.38805100321769714,-0.3850589990615845,0.8373450040817261,0,1.7199859619140625,2.094611883163452,0.6940950155258179,1,0.9887599945068359,0.14869700372219086,-0.015568999573588371,0,-0.1494089961051941,0.9865440130233765,-0.06638599932193756,0,0.005487999878823757,0.06796599924564362,0.997672975063324,0,0.4443250000476837,2.1936678886413574,0,1,0.9592090249061584,-0.26438000798225403,-0.10011100023984909,0,0.2149749994277954,0.9121230244636536,-0.3490239977836609,0,0.18358899652957916,0.31326600909233093,0.931751012802124,0,-0.04503500089049339,2.2375869750976562,0,1,0.989031970500946,0.1452140063047409,-0.0270019993185997,0,-0.1289539933204651,0.9380760192871094,0.32153499126434326,0,0.0720210000872612,-0.3145270049571991,0.94651198387146,0,1.2493400573730469,5.719580173492432,-0.09658200293779373,1,0.9986739754676819,0.05039900168776512,0.010501000098884106,0,-0.050370000302791595,0.9144110083580017,0.40163999795913696,0,0.010639999993145466,-0.401636004447937,0.915736973285675,0,-0.010480999946594238,1.980409026145935,0,1,0.999891996383667,0.01457200013101101,0.0020179999992251396,0,-0.014696000143885612,0.9832730293273926,0.18154199421405792,0,0.000661000027321279,-0.181551992893219,0.9833809733390808,0,0.009263000451028347,1.944262981414795,0,1,0.9757779836654663,0.21785800158977509,0.019863000139594078,0,-0.2111780047416687,0.914359986782074,0.34546899795532227,0,0.05710100010037422,-0.34129598736763,0.9382200241088867,0,-1.2493400573730469,5.73362398147583,-0.20464399456977844,1,0.998878002166748,0.045138999819755554,0.014325999654829502,0,-0.04511899873614311,0.8151329755783081,0.5775139927864075,0,0.014391000382602215,-0.5775129795074463,0.8162549734115601,0,-0.00007000000186963007,2.0563859939575195,0,1,0.9996060132980347,0.02761100046336651,0.0050200000405311584,0,-0.027619000524282455,0.936161994934082,0.3504819869995117,0,0.004978000186383724,-0.3504830002784729,0.9365559816360474,0,-0.00014200000441633165,1.8229409456253052,0,1,-0.981669008731842,-0.010894999839365482,0.1902800053358078,0,0.09342899918556213,-0.8976879715919495,0.4306119978427887,0,0.1661199927330017,0.4404959976673126,0.8822510242462158,0,4.825383186340332,-2.767975091934204,-0.47043800354003906,1,0.9932000041007996,-0.11566299945116043,-0.01324899960309267,0,0.049192000180482864,0.5200849771499634,-0.8526970148086548,0,0.10551699995994568,0.8462470173835754,0.52223801612854,0,0,19.313034057617188,0,1,0.9979079961776733,-0.008333000354468822,-0.06411000341176987,0,0.06037300080060959,0.4748019874095917,0.8780199885368347,0,0.02312299981713295,-0.8800529837608337,0.4743120074272156,0,0,17.529306411743164,0,1,0.9994519948959351,0.0067010000348091125,0.03241899982094765,0,-0.024486999958753586,0.8086820244789124,0.5877360105514526,0,-0.022278999909758568,-0.588208019733429,0.8084030151367188,0,0,8.28304672241211,0,1,-0.992247998714447,-0.015123999677598476,-0.12335299700498581,0,-0.005044000223278999,-0.986847996711731,0.1615699976682663,0,-0.12417399883270264,0.16093899309635162,0.9791219830513,0,-4.825383186340332,-2.767975091934204,-0.32127898931503296,1,0.9983530044555664,0.007255000062286854,0.056901998817920685,0,0.009600000455975533,0.9568449854850769,-0.29043999314308167,0,-0.056554000824689865,0.2905080020427704,0.9552000164985657,0,0,19.321796417236328,0,1,0.9975289702415466,-0.02012299932539463,0.06731999665498734,0,-0.055424001067876816,0.3635370135307312,0.9299290180206299,0,-0.0431860014796257,-0.931361973285675,0.36152398586273193,0,0,17.528348922729492,0,1,0.9986720085144043,0.002753000007942319,-0.05144499987363815,0,0.025205999612808228,0.84477299451828,0.534529983997345,0,0.04493099823594093,-0.535116970539093,0.8435819745063782,0,0,8.195274353027344,0,1
K0.033,0.9996309876441956,0.012283913791179657,-0.024228891357779503,0,-0.011196915991604328,0.998947024345398,0.04449611157178879,0,0.024749888107180595,-0.044208113104104996,0.9987159967422485,0,0.07735705375671387,44.45252990722656,0.20068149268627167,1,0.9998720288276672,-0.014855845831334591,0.005873832385987043,0,0.014712848700582981,0.9996089935302734,0.023782923817634583,0,-0.006224829237908125,-0.02369392290711403,0.9997000098228455,0,0,4.998507976531982,-0.3862130045890808,1,0.9994140267372131,0.008006890304386616,0.03327187895774841,0,-0.009291884489357471,0.999210000038147,0.038639966398477554,0,-0.032935887575149536,-0.03892696276307106,0.9986990094184875,0,0,5.848974227905273,0,1,0.9994180202484131,0.009723885916173458,0.03270488604903221,0,-0.010974882170557976,0.999206006526947,0.03829796612262726,0,-0.032306887209415436,-0.038633961230516434,0.9987310171127319,0,0,6.684545040130615,0,1,0.9994379878044128,-0.004064984153956175,-0.03327494114637375,0,0.006364979315549135,0.9975759983062744,0.06928998231887817,0,0.03291293978691101,-0.06946298480033875,0.9970409870147705,0,0,7.520103931427002,0,1,0.9977899789810181,-0.035548992455005646,-0.05613882094621658,0,0.032673999667167664,0.9981480240821838,-0.05132199078798294,0,0.05785981938242912,0.04937399923801422,0.9971029758453369,0,0,3.3523709774017334,0.7353249788284302,1,0.10008184611797333,0.014486007392406464,-0.9948740005493164,0,0.863319993019104,-0.49834197759628296,0.07959186285734177,0,-0.4946339726448059,-0.8668599724769592,-0.06238092482089996,0,3.5763509273529053,6.494558811187744,-0.09073200076818466,1,0.9237540364265442,0.2432582974433899,-0.295811265707016,0,0.04999975860118866,0.6891688704490662,0.7228740453720093,0,0.3797086477279663,-0.6825483441352844,0.6244598031044006,0,0,7.347099781036377,0,1,0.9815940260887146,0.19076599180698395,0.009018000215291977,0,-0.19088898599147797,0.9814879894256592,0.015610998496413231,0,-0.0058730002492666245,-0.017044998705387115,0.9998369812965393,0,0,14.504785537719727,0,1,0.974605917930603,0.19966427981853485,-0.10137588530778885,0,-0.16602425277233124,0.9480978846549988,0.27119526267051697,0,0.1502620130777359,-0.24747824668884277,0.9571709632873535,0,0,12.8273286819458,0,1,0.9497699737548828,0.08390700072050095,-0.30149000883102417,0,-0.0007469999836757779,0.9639909863471985,0.26593199372291565,0,0.31294700503349304,-0.25234898924827576,0.9156330227851868,0,-1.6179039478302002,2.0895450115203857,0.703840970993042,1,0.9964939951896667,-0.060332972556352615,-0.05796901509165764,0,0.05790497362613678,0.9974089860916138,-0.042688991874456406,0,0.0603950135409832,0.03918299078941345,0.9974049925804138,0,-0.3463509976863861,2.1602671146392822,0,1,0.9351189732551575,0.23983700573444366,-0.2608279883861542,0,-0.30530300736427307,0.9189730286598206,-0.24955500662326813,0,0.1798419952392578,0.31299498677253723,0.9325720071792603,0,-0.05990799888968468,2.3155341148376465,0,1,0.989579975605011,-0.14312800765037537,0.01569599285721779,0,0.13351000845432281,0.952934980392456,0.272195965051651,0,-0.05391599237918854,-0.2672639787197113,0.9621139764785767,0,-1.4441009759902954,5.686261177062988,-0.12122400104999542,1,0.9998840093612671,-0.015064000152051449,-0.002050000010058284,0,0.01507600024342537,0.9650530219078064,0.26162201166152954,0,-0.001962000038474798,-0.26162299513816833,0.9651679992675781,0,0.0008950000046752393,1.9259190559387207,0,1,0.9999269843101501,-0.011951999738812447,-0.0016289999475702643,0,0.011962000280618668,0.9650949835777283,0.2616260051727295,0,-0.001554999966174364,-0.2616269886493683,0.9651679992675781,0,-0.0019180000526830554,1.9583150148391724,0,1,0.9568300247192383,-0.29026201367378235,-0.014974999241530895,0,0.2684049904346466,0.8626629710197449,0.4286859929561615,0,-0.11151300370693207,-0.41419899463653564,0.9033300280570984,0,1.4441020488739014,5.8092241287231445,-0.06036600098013878,1,0.9996129870414734,-0.027653999626636505,-0.003063000040128827,0,0.027689000591635704,0.9779679775238037,0.20691199600696564,0,-0.002727000042796135,-0.20691700279712677,0.9783549904823303,0,0.013069000095129013,2.0449368953704834,0,1,0.9999939799308777,-0.003103000344708562,-0.001756999990902841,0,0.003434000303968787,0.9705479741096497,0.24088400602340698,0,0.0009580000187270343,-0.24088799953460693,0.9705520272254944,0,-0.016081999987363815,1.8211649656295776,0,1,0.03973306715488434,-0.016507992520928383,0.9990739822387695,0,-0.8578530550003052,-0.5132558941841125,0.025636067613959312,0,0.5123578906059265,-0.8580770492553711,-0.034554027020931244,0,-3.5763509273529053,6.492794036865234,-0.06788499653339386,1,0.8800398707389832,-0.4420262575149536,0.17361702024936676,0,0.26381438970565796,0.7590210437774658,0.5952216982841492,0,-0.39488205313682556,-0.47801560163497925,0.7845821976661682,0,0,7.347099781036377,0,1,0.8994656205177307,-0.4366886615753174,-0.016248028725385666,0,0.4369906485080719,0.8988016247749329,0.03457605093717575,0,-0.0004960309015586972,-0.03820005804300308,0.9992700219154358,0,0,14.505090713500977,0,1,0.984963059425354,-0.17267347872257233,-0.005604895763099194,0,0.17097145318984985,0.9695600271224976,0.17527636885643005,0,-0.024831054732203484,-0.17359937727451324,0.984502911567688,0,0,12.831805229187012,0,1,0.9181789755821228,-0.08288499712944031,0.38739699125289917,0,-0.07976700365543365,0.9191619753837585,0.3857170045375824,0,-0.38805100321769714,-0.3850589990615845,0.8373439908027649,0,1.7199859619140625,2.094611883163452,0.6940950155258179,1,0.989434003829956,0.14414885640144348,-0.01552988588809967,0,-0.1448788344860077,0.9870989918708801,-0.0681629627943039,0,0.005503901746124029,0.0696929469704628,0.9975529909133911,0,0.4443250000476837,2.1936678886413574,0,1,0.9591889977455139,-0.26447099447250366,-0.10005699098110199,0,0.21507301926612854,0.9120889902114868,-0.3490520119667053,0,0.18357500433921814,0.31328698992729187,0.9317460060119629,0,-0.04503500089049339,2.2375869750976562,0,1,0.9889990091323853,0.145237997174263,-0.02804703637957573,0,-0.12816797196865082,0.9360469579696655,0.32770422101020813,0,0.07384906709194183,-0.32050421833992004,0.9443639516830444,0,1.2493400573730469,5.719580173492432,-0.09658200293779373,1,0.9986730217933655,0.05040699988603592,0.010504999198019505,0,-0.05037799850106239,0.9143739938735962,0.40172499418258667,0,0.010643999092280865,-0.4017210006713867,0.9157000184059143,0,-0.010480999946594238,1.980409026145935,0,1,0.999891996383667,0.014581998810172081,0.0020199997816234827,0,-0.01470599789172411,0.9832559823989868,0.18163397908210754,0,0.0006619998021051288,-0.18164397776126862,0.9833639860153198,0,0.009263000451028347,1.944262981414795,0,1,0.9761149883270264,0.21644499897956848,0.018731985241174698,0,-0.20900198817253113,0.9120039343833923,0.3529401421546936,0,0.05930904299020767,-0.34842413663864136,0.9354589581489563,0,-1.2493400573730469,5.73362398147583,-0.20464399456977844,1,0.9988750219345093,0.04518600180745125,0.014359000138938427,0,-0.04516499862074852,0.8147079944610596,0.5781090259552002,0,0.014423999935388565,-0.578108012676239,0.8158329725265503,0,-0.00007000000186963007,2.0563859939575195,0,1,0.9996050000190735,0.027664000168442726,0.005040000192821026,0,-0.027672000229358673,0.9359059929847717,0.3511599898338318,0,0.004997999873012304,-0.35116100311279297,0.9363020062446594,0,-0.00014200000441633165,1.8229409456253052,0,1,-0.9835160374641418,0.009877058677375317,0.18054881691932678,0,0.07734884321689606,-0.8795580863952637,0.46946293115615845,0,0.16343988478183746,0.47568991780281067,0.8642950654029846,0,4.825383186340332,-2.767975091934204,-0.47043800354003906,1,0.9947540163993835,-0.10137686133384705,0.013693289831280708,0,0.08193215727806091,0.709399938583374,-0.7000260949134827,0,0.06125235930085182,0.6974761486053467,0.7139849662780762,0,0,19.313034057617188,0,1,0.9972479939460754,-0.03772221505641937,-0.06382796913385391,0,0.07409109175205231,0.4751655161380768,0.8767716884613037,0,-0.002744155703112483,-0.8790876865386963,0.47665250301361084,0,0,17.529306411743164,0,1,0.9987850189208984,-0.003485994879156351,0.049159012734889984,0,-0.024182002991437912,0.8344991207122803,0.5504788160324097,0,-0.04294200986623764,-0.550998866558075,0.8334011435508728,0,0,8.28304672241211,0,1,-0.9905379414558411,-0.013829976320266724,-0.1365382820367813,0,0.004883069545030594,-0.9978309869766235,0.06564033776521683,0,-0.13715027272701263,0.06435232609510422,0.988457977771759,0,-4.825383186340332,-2.767975091934204,-0.32127898931503296,1,0.9966439604759216,-0.0082279397174716,0.08144833892583847,0,0.024009965360164642,0.9805610775947571,-0.19473963975906372,0,-0.07826334983110428,0.19604164361953735,0.9774670600891113,0,0,19.321796417236328,0,1,0.9976239800453186,-0.009982159361243248,0.06815999001264572,0,-0.06064695492386818,0.34199464321136475,0.9377431273460388,0,-0.03267112746834755,-0.9396491050720215,0.3405766487121582,0,0,17.528348922729492,0,1,0.9986550211906433,0.0026009990833699703,-0.05178900435566902,0,0.025282999500632286,0.8475589752197266,0.5300989747047424,0,0.04527300223708153,-0.5306950211524963,0.8463529944419861,0,0,8.195274353027344,0,1
K0.067,0.9999030232429504,0.0036170862149447203,-0.013440106995403767,0,-0.0028650828171521425,0.9984530210494995,0.05552589148283005,0,0.013620111159980297,-0.0554828867316246,0.9983670115470886,0,0.18216095864772797,44.27473449707031,0.05070449039340019,1,0.9999409914016724,0.0005538468831218779,-0.01086583361029625,0,-0.00037885000347159803,0.999871015548706,0.01608007587492466,0,0.010872830636799335,-0.016075076535344124,0.9998120069503784,0,0,4.998507976531982,-0.3862130045890808,1,0.9997640252113342,-0.0030188902746886015,0.021506117656826973,0,0.0022618852090090513,0.9993789792060852,0.03516703471541405,0,-0.021599112078547478,-0.03511103615164757,0.9991499781608582,0,0,5.848974227905273,0,1,0.9997760057449341,-0.0015888875350356102,0.0211041159927845,0,0.0008528823964297771,0.9993919730186462,0.03485003486275673,0,-0.0211471114307642,-0.03482403606176376,0.9991700053215027,0,0,6.684545040130615,0,1,0.9996230006217957,-0.0024880156852304935,-0.027330059558153152,0,0.004337020218372345,0.9976909756660461,0.06778301298618317,0,0.02709805779159069,-0.06787601858377457,0.9973260164260864,0,0,7.520103931427002,0,1,0.9986609816551208,-0.03463500738143921,-0.03843817487359047,0,0.03266799822449684,0.9981809854507446,-0.05066700652241707,0,0.04012317582964897,0.04934300109744072,0.9979760050773621,0,0,3.3523709774017334,0.7353249788284302,1,0.08458815515041351,0.015211992897093296,-0.9962999820709229,0,0.8660889863967896,-0.4955190420150757,0.06596813350915909,0,-0.4926820397377014,-0.8684639930725098,-0.05509006977081299,0,3.5763509273529053,6.494558811187744,-0.09073200076818466,1,0.9307989478111267,0.17315469682216644,-0.32191574573516846,0,0.12607623636722565,0.6745581030845642,0.7273759245872498,0,0.34309935569763184,-0.7176266312599182,0.6060481667518616,0,0,7.347099781036377,0,1,0.9819430112838745,0.18896400928497314,0.008988999761641026,0,-0.18908502161502838,0.9818390011787415,0.015463002026081085,0,-0.005903999321162701,-0.016884000971913338,0.9998400211334229,0,0,14.504785537719727,0,1,0.9696050882339478,0.2274107187986374,-0.09028111398220062,0,-0.19138674437999725,0.9347971081733704,0.29920873045921326,0,0.1524379849433899,-0.27283576130867004,0.9499070644378662,0,0,12.8273286819458,0,1,0.9497699737548828,0.08390700072050095,-0.30149000883102417,0,-0.0007469999836757779,0.9639919996261597,0.26593199372291565,0,0.31294700503349304,-0.25234898924827576,0.9156330227851868,0,-1.6179039478302002,2.0895450115203857,0.703840970993042,1,0.9965609908103943,-0.0576690249145031,-0.05950198695063591,0,0.05522802472114563,0.9975950121879578,-0.04188600927591324,0,0.06177498400211334,0.03845600783824921,0.9973490238189697,0,-0.3463509976863861,2.1602671146392822,0,1,0.9351140260696411,0.23995299637317657,-0.26073700189590454,0,-0.30535998940467834,0.9189919829368591,-0.2494170069694519,0,0.17976699769496918,0.31285199522972107,0.9326350092887878,0,-0.05990799888968468,2.3155341148376465,0,1,0.9893980026245117,-0.144461989402771,0.014901007525622845,0,0.135142982006073,0.9533960223197937,0.2697640359401703,0,-0.05317700654268265,-0.26489001512527466,0.9628109931945801,0,-1.4441009759902954,5.686261177062988,-0.12122400104999542,1,0.9998840093612671,-0.01507600024342537,-0.0020540000405162573,0,0.015087000094354153,0.9649919867515564,0.26184698939323425,0,-0.0019660000689327717,-0.26184698939323425,0.9651070237159729,0,0.0008950000046752393,1.9259190559387207,0,1,0.9999269843101501,-0.011963999830186367,-0.0016319999704137444,0,0.011974000371992588,0.965034008026123,0.2618510127067566,0,-0.0015579999890178442,-0.2618510127067566,0.9651070237159729,0,-0.0019180000526830554,1.9583150148391724,0,1,0.9569100141525269,-0.29000499844551086,-0.014871001243591309,0,0.26825299859046936,0.8632040023803711,0.4276910126209259,0,-0.11119599640369415,-0.41325101256370544,0.9038029909133911,0,1.4441020488739014,5.8092241287231445,-0.06036600098013878,1,0.9996119737625122,-0.027670999988913536,-0.0030690000858157873,0,0.027706999331712723,0.9779040217399597,0.20720799267292023,0,-0.002733000088483095,-0.20721299946308136,0.9782919883728027,0,0.013069000095129013,2.0449368953704834,0,1,0.9999939799308777,-0.0031199997756630182,-0.0017610000213608146,0,0.0034529997501522303,0.9704750180244446,0.2411780059337616,0,0.0009560000034980476,-0.24118199944496155,0.9704790115356445,0,-0.016081999987363815,1.8211649656295776,0,1,0.04652593284845352,-0.015848007053136826,0.998790979385376,0,-0.8639949560165405,-0.5024651288986206,0.03227393329143524,0,0.5013471245765686,-0.8644519448280334,-0.03706997260451317,0,-3.5763509273529053,6.492794036865234,-0.06788499653339386,1,0.8651491403579712,-0.4698367416858673,0.17541198432445526,0,0.3010626435279846,0.7662839293479919,0.5676013231277466,0,-0.4010949432849884,-0.4382493793964386,0.804399847984314,0,0,7.347099781036377,0,1,0.8641723394393921,-0.5028353333473206,-0.019039971753954887,0,0.5031833648681641,0.8632623553276062,0.039813946932554245,0,-0.003582969307899475,-0.04398694261908531,0.9990260004997253,0,0,14.505090713500977,0,1,0.9927409291267395,-0.12017451971769333,0.0048158965073525906,0,0.11641954630613327,0.970229983329773,0.21236762404441833,0,-0.03019394539296627,-0.2102656364440918,0.9771780371665955,0,0,12.831805229187012,0,1,0.9181789755821228,-0.08288499712944031,0.38739699125289917,0,-0.07976700365543365,0.9191619753837585,0.3857170045375824,0,-0.38805100321769714,-0.3850589990615845,0.8373439908027649,0,1.7199859619140625,2.094611883163452,0.6940950155258179,1,0.9916329979896545,0.12902915477752686,-0.004044114146381617,0,-0.12902116775512695,0.9895510077476501,-0.06436103582382202,0,-0.004301902838051319,0.06434404850006104,0.9979180097579956,0,0.4443250000476837,2.1936678886413574,0,1,0.9589620232582092,-0.26552900671958923,-0.09942800551652908,0,0.2162179797887802,0.9116969704627991,-0.34936800599098206,0,0.1834159940481186,0.3135330080986023,0.9316949844360352,0,-0.04503500089049339,2.2375869750976562,0,1,0.9888129830360413,0.14574700593948364,-0.031732961535453796,0,-0.1256120353937149,0.9283670783042908,0.34979379177093506,0,0.0804409310221672,-0.34189480543136597,0.9362890720367432,0,1.2493400573730469,5.719580173492432,-0.09658200293779373,1,0.9986799955368042,0.05028200149536133,0.010443001054227352,0,-0.0502530001103878,0.9149370193481445,0.4004549980163574,0,0.010581000708043575,-0.40045198798179626,0.9162570238113403,0,-0.010480999946594238,1.980409026145935,0,1,0.9998940229415894,0.014444001019001007,0.001994000282138586,0,-0.014566000550985336,0.9835090041160583,0.1802690178155899,0,0.000643000181298703,-0.18027901649475098,0.983614981174469,0,0.009263000451028347,1.944262981414795,0,1,0.9762880206108093,0.21578699350357056,0.017248013988137245,0,-0.20690101385116577,0.9067070484161377,0.36752384901046753,0,0.06366795301437378,-0.3623778522014618,0.9298540353775024,0,-1.2493400573730469,5.73362398147583,-0.20464399456977844,1,0.9988729953765869,0.04522499814629555,0.014387000352144241,0,-0.04520399868488312,0.8143500089645386,0.5786110162734985,0,0.014450999908149242,-0.5786100029945374,0.8154760003089905,0,-0.00007000000186963007,2.0563859939575195,0,1,0.9996029734611511,0.02770799957215786,0.0050559998489916325,0,-0.027715999633073807,0.9356909990310669,0.35173100233078003,0,0.005014999769628048,-0.35173100233078003,0.9360880255699158,0,-0.00014200000441633165,1.8229409456253052,0,1,-0.9866149425506592,0.01575494185090065,0.1623021811246872,0,0.06190215423703194,-0.8846309185028076,0.4621640741825104,0,0.15085911750793457,0.46602508425712585,0.8718159198760986,0,4.825383186340332,-2.767975091934204,-0.47043800354003906,1,0.9952489733695984,-0.08754413574934006,0.042610712349414825,0,0.09732384234666824,0.9070310592651367,-0.4096609055995941,0,-0.002785363467410207,0.4118618369102478,0.9112410545349121,0,0,19.313034057617188,0,1,0.9963729977607727,-0.05942978337407112,-0.06089702993631363,0,0.08309590816497803,0.5255165100097656,0.8467162847518921,0,-0.018317844718694687,-0.8487052917480469,0.5285484790802002,0,0,17.529306411743164,0,1,0.9987279772758484,-0.0029850048013031483,0.050325989723205566,0,-0.02446499653160572,0.8441358804702759,0.5355701446533203,0,-0.044079989194869995,-0.536121129989624,0.8429898619651794,0,0,8.28304672241211,0,1,-0.986284077167511,-0.011505023576319218,-0.16465571522712708,0,0.011824931018054485,-0.9999300241470337,-0.0009613380534574389,0,-0.16463273763656616,-0.0028953314758837223,0.9863510131835938,0,-4.825383186340332,-2.767975091934204,-0.32127898931503296,1,0.9933460354804993,-0.0021360605023801327,0.11515066772699356,0,0.020501036196947098,0.9871389269828796,-0.15854336321353912,0,-0.1133306473493576,0.1598493605852127,0.9806139469146729,0,0,19.321796417236328,0,1,0.9974030256271362,-0.025878841057419777,0.06721100956201553,0,-0.05606404319405556,0.3068133592605591,0.9501168727874756,0,-0.0452088788151741,-0.951417863368988,0.304566353559494,0,0,17.528348922729492,0,1,0.9986439943313599,0.0025060009211301804,-0.052000995725393295,0,0.025328999385237694,0.8492609858512878,0.5273650288581848,0,0.045483995229005814,-0.5279669761657715,0.8480460047721863,0,0,8.195274353027344,0,1
