0.733,30,21,49
B0,mixamorig_Hips,-1,0.9874997735023499,-0.027227140963077545,0.15505458414554596,0,-0.0052067372016608715,0.9787195920944214,0.20510460436344147,0,-0.15734580159187317,-0.20337089896202087,0.9663476943969727,0,0.543416440486908,40.009605407714844,0.5157920122146606,1
B1,mixamorig_Spine,0,0.998261034488678,0.03996592015028,-0.043125297874212265,0,-0.039082568138837814,0.999011218547821,0.02116803266108036,0,0.04392838478088379,-0.019448179751634598,0.9988364577293396,0,0,4.998507976531982,-0.3862130045890808,1
B2,mixamorig_Spine1,1,0.9943998456001282,0.08954375982284546,0.0560901053249836,0,-0.08934199810028076,0.9959803223609924,-0.006139769218862057,0,-0.05641328543424606,0.001091902726329863,0.9984046220779419,0,0,5.848974227905273,0,1
B3,mixamorig_Spine2,2,0.9922212958335876,-0.0483626089990139,0.1146964430809021,0,0.05539572983980179,0.9967197775840759,-0.05896635353565216,0,-0.11146672070026398,0.06485973298549652,0.9916467070579529,0,0,6.684545040130615,0,1
B4,mixamorig_Neck,3,0.9972661733627319,0.06981052458286285,0.024179045110940933,0,-0.07387111335992813,0.9374437928199768,0.34020498394966125,0,0.0010834200074896216,-0.3410622477531433,0.9400404095649719,0,0,7.520103931427002,0,1
B5,mixamorig_Head,4,0.9605016112327576,-0.10459533333778381,-0.25786644220352173,0,0.04230298474431038,0.9707832932472229,-0.23619675636291504,0,0.27503663301467896,0.21595913171768188,0.9368646144866943,0,0,3.3523709774017334,0.7353249788284302,1
B6,mixamorig_HeadTop_End,5,1,0,0,0,0,1,0,0,0,0,1,0,0,16.323562622070312,3.5804879665374756,1
B7,mixamorig_LeftShoulder,3,0.3196530044078827,0.10625577718019485,-0.9415370225906372,0,0.916094183921814,-0.28839948773384094,0.2784813344478607,0,-0.24194683134555817,-0.9515897035598755,-0.1895088255405426,0,3.5763509273529053,6.494558811187744,-0.09073200076818466,1
B8,mixamorig_LeftArm,7,0.49821099638938904,0.6607802510261536,0.5612066388130188,0,-0.799255907535553,0.6008554100990295,0.0021228541154414415,0,-0.33590221405029297,-0.449588418006897,0.827629566192627,0,0,7.347099781036377,0,1
B9,mixamorig_LeftForeArm,8,0.437448114156723,0.8974232077598572,0.053518228232860565,0,-0.8980002999305725,0.4333494007587433,0.07343897968530655,0,0.04274706542491913,-0.08018511533737183,0.9958616495132446,0,0,14.504785537719727,0,1
B10,mixamorig_LeftHand,9,0.6142034530639648,0.06017037108540535,0.7868280410766602,0,0.48228588700294495,0.760515570640564,-0.4346907436847687,0,-0.624549388885498,0.6464605331420898,0.4381026029586792,0,0,12.8273286819458,0,1
B11,mixamorig_LeftHandThumb1,10,0.9983304142951965,-0.05281277373433113,0.023382430896162987,0,0.047678034752607346,0.9820560812950134,0.18246403336524963,0,-0.03259991481900215,-0.18104399740695953,0.9829347133636475,0,-1.6179039478302002,2.0895450115203857,0.703840970993042,1
B12,mixamorig_LeftHandThumb2,11,0.9863219857215881,0.090379998087883,-0.1378449946641922,0,-0.09946499764919281,0.9932000041007996,-0.060495998710393906,0,0.13143999874591827,0.07337979227304459,0.9886050224304199,0,-0.3463509976863861,2.1602671146392822,0,1
B13,mixamorig_LeftHandThumb3,12,0.9119346141815186,0.41011467576026917,-0.013478404842317104,0,-0.4098215103149414,0.9086554646492004,-0.0799466222524643,0,-0.02053985185921192,0.07842981070280075,0.9967080354690552,0,-0.05990799888968468,2.3155341148376465,0,1
B14,mixamorig_LeftHandThumb4,13,1,0,0,0,0,1,0,0,0,0,1,0,0.40626001358032227,1.5598150491714478,0,1
B15,mixamorig_LeftHandIndex1,10,0.9601802229881287,-0.2791529893875122,-0.01128721609711647,0,0.23115764558315277,0.7711046934127808,0.5932648777961731,0,-0.15690819919109344,-0.5722503066062927,0.804927408695221,0,-1.4441009759902954,5.686261177062988,-0.12122400104999542,1
B16,mixamorig_LeftHandIndex2,15,0.998558759689331,-0.04628109931945801,-0.027167780324816704,0,0.04651610180735588,0.49394747614860535,0.8682466149330139,0,-0.02676399238407612,-0.8682587742805481,0.4953886866569519,0,0.0008950000046752393,1.9259190559387207,0,1
B17,mixamorig_LeftHandIndex3,16,0.9997937679290771,-0.019854780286550522,-0.004337680526077747,0,0.0198769923299551,0.9108724594116211,0.4122096300125122,0,-0.0042336806654930115,-0.4122106432914734,0.9110786318778992,0,-0.0019180000526830554,1.9583150148391724,0,1
B18,mixamorig_LeftHandIndex4,17,1,0,0,0,0,1,0,0,0,0,1,0,0.0010229999898001552,1.312608003616333,0,1
B19,mixamorig_LeftHandMiddle1,10,0.9632434844970703,-0.2645770013332367,0.046494923532009125,0,0.12270455807447433,0.5873185396194458,0.7999996542930603,0,-0.2389686405658722,-0.7648890614509583,0.5981953740119934,0,1.4441020488739014,5.8092241287231445,-0.06036600098013878,1
B20,mixamorig_LeftHandMiddle2,19,0.997033417224884,-0.06478110700845718,-0.04155948758125305,0,0.06605368852615356,0.44304415583610535,0.8940630555152893,0,-0.039505910128355026,-0.8941560387611389,0.44600895047187805,0,0.013069000095129013,2.0449368953704834,0,1
B21,mixamorig_LeftHandMiddle3,20,0.999974250793457,-0.006652488373219967,-0.0025863193441182375,0,0.0071212779730558395,0.9542108178138733,0.29905080795288086,0,0.0004782603937201202,-0.2990618050098419,0.9542338252067566,0,-0.016081999987363815,1.8211649656295776,0,1
B22,mixamorig_LeftHandMiddle4,21,1,0,0,0,0,1,0,0,0,0,1,0,0.0030129998922348022,1.1293100118637085,0,1
B23,mixamorig_RightShoulder,3,0.18223099410533905,-0.03701699897646904,0.9825590252876282,0,-0.9370661973953247,-0.30921778082847595,0.1621450036764145,0,0.2978219985961914,-0.9502710103988647,-0.09103699773550034,0,-3.5763509273529053,6.492794036865234,-0.06788499653339386,1
B24,mixamorig_RightArm,23,-0.03538588061928749,-0.9534381628036499,-0.29928117990493774,0,0.9984244704246521,-0.02117883414030075,-0.05057956278324127,0,0.04189189895987511,-0.3006074130535126,0.9528225660324097,0,0,7.347099781036377,0,1
B25,mixamorig_RightForeArm,24,0.8416974544525146,-0.5387802720069885,-0.020818231627345085,0,0.5391526818275452,0.8406304121017456,0.04266002029180527,0,-0.005549320485442877,-0.04713119566440582,0.9988706111907959,0,0,14.505090713500977,0,1
B26,mixamorig_RightHand,25,0.7753171324729919,-0.057576023042201996,-0.628854513168335,0,-0.2321164757013321,0.8999926447868347,-0.36869990825653076,0,0.5871726870536804,0.43181082606315613,0.6845375299453735,0,0,12.831805229187012,0,1
B27,mixamorig_RightHandThumb1,26,0.9698127508163452,-0.07189878821372986,0.23301100730895996,0,-0.08162800222635269,0.8047000169754028,0.5880439877510071,0,-0.22978399693965912,-0.5893121957778931,0.7745389938354492,0,1.7199859619140625,2.094611883163452,0.6940950155258179,1
B28,mixamorig_RightHandThumb2,27,0.9049882292747498,0.271479994058609,0.3275580108165741,0,-0.22538599371910095,0.9589530229568481,-0.1720760017633438,0,-0.3608280122280121,0.0818990021944046,0.9290289878845215,0,0.4443250000476837,2.1936678886413574,0,1
B29,mixamorig_RightHandThumb3,28,0.7467449903488159,0.6609169840812683,-0.0745680034160614,0,-0.6472292542457581,0.6962659955024719,-0.3103339970111847,0,-0.15318599343299866,0.28000301122665405,0.9476979970932007,0,-0.04503500089049339,2.2375869750976562,0,1
B30,mixamorig_RightHandThumb4,29,1,0,0,0,0,1,0,0,0,0,1,0,-0.3992899954319,1.5004229545593262,0,1
B31,mixamorig_RightHandIndex1,26,0.9562489986419678,0.2916432023048401,0.02307399921119213,0,-0.27677300572395325,0.8762930035591125,0.3943440020084381,0,0.09478878974914551,-0.38347700238227844,0.9186729788780212,0,1.2493400573730469,5.719580173492432,-0.09658200293779373,1
B32,mixamorig_RightHandIndex2,31,0.9971110224723816,0.0717960000038147,0.024788999930024147,0,-0.07170700281858444,0.7821789979934692,0.6189132332801819,0,0.025046000257134438,-0.6189029812812805,0.7850679755210876,0,-0.010480999946594238,1.980409026145935,0,1
B33,mixamorig_RightHandIndex3,32,0.9983069896697998,0.05477578938007355,0.01954021118581295,0,-0.055939000099897385,0.8125219941139221,0.5802410244941711,0,0.01590600050985813,-0.5803520083427429,0.8142110109329224,0,0.009263000451028347,1.944262981414795,0,1
B34,mixamorig_RightHandIndex4,33,1,0,0,0,0,1,0,0,0,0,1,0,0.0012179999612271786,1.2091100215911865,0,1
B35,mixamorig_RightHandMiddle1,26,0.938273012638092,0.3332099914550781,0.09281700104475021,0,-0.28561899065971375,0.594992995262146,0.7512689828872681,0,0.19510500133037567,-0.7314051985740662,0.6534370183944702,0,-1.2493400573730469,5.73362398147583,-0.20464399456977844,1
B36,mixamorig_RightHandMiddle2,35,0.9917960166931152,0.07301600277423859,0.10492279380559921,0,-0.07287479192018509,-0.35138800740242004,0.9333890080451965,0,0.10502099990844727,-0.9333779811859131,-0.3431850075721741,0,-0.00007000000186963007,2.0563859939575195,0,1
B37,mixamorig_RightHandMiddle3,36,0.9996690154075623,0.02539299987256527,0.004220999777317047,0,-0.025398999452590942,0.9463719725608826,0.32207798957824707,0,0.004183209966868162,-0.32207900285720825,0.9467039704322815,0,-0.00014200000441633165,1.8229409456253052,0,1
B38,mixamorig_RightHandMiddle4,37,1,0,0,0,0,1,0,0,0,0,1,0,0.0002119999990100041,1.1407840251922607,0,1
B39,mixamorig_LeftUpLeg,0,-0.9791021943092346,0.051383551210165024,0.19611795246601105,0,-0.06133941560983658,-0.9965267181396484,-0.04219300299882889,0,0.19341151416301727,-0.053290437906980515,0.9788423776626587,0,4.825383186340332,-2.767975091934204,-0.47043800354003906,1
B40,mixamorig_LeftLeg,39,0.9991365075111389,-0.040608275681734085,-0.004965226165950298,0,0.023061400279402733,0.6750974059104919,-0.7294905781745911,0,0.033201053738594055,0.728729784488678,0.6754630208015442,0,0,19.313034057617188,0,1
B41,mixamorig_LeftFoot,40,0.9845776557922363,-0.16576333343982697,0.0497017465531826,0,0.07659441232681274,0.6763978004455566,0.7321257591247559,0,-0.15530087053775787,-0.7169791460037231,0.6791010499000549,0,0,17.529306411743164,0,1
B42,mixamorig_LeftToeBase,41,0.9979647397994995,0.036779824644327164,-0.027495598420500755,0,0.02104186825454235,0.38655567169189453,0.8788753151893616,0,0.037559978663921356,-0.8784942626953125,0.38461050391197205,0,0,8.28304672241211,0,1
B43,mixamorig_LeftToe_End,42,1,0,0,0,0,1,0,0,0,0,1,0,0,3.812998056411743,0,1
B44,mixamorig_RightUpLeg,0,-0.9871358871459961,-0.14544200897216797,0.06598979234695435,0,0.13676764070987701,-0.5561428666114807,0.8195680379867554,0,-0.08239142596721649,0.8180972933769226,0.5689140558242798,0,-4.825383186340332,-2.767975091934204,-0.32127898931503296,1
B45,mixamorig_RightLeg,44,0.9989683032035828,0.03242386505007744,0.027789197862148285,0,-0.005828579422086477,0.7354376316070557,-0.6749550104141235,0,-0.04179147258400917,0.6740862727165222,0.7350205183029175,0,0,19.321796417236328,0,1
B46,mixamorig_RightFoot,45,0.9655083417892456,0.009689909406006336,-0.25725212693214417,0,0.2539963722229004,0.1533312201499939,0.9544764161109924,0,0.048878490924835205,-0.9868885278701782,0.14572057127952576,0,0,17.528348922729492,0,1
B47,mixamorig_RightToeBase,46,0.9992266893386841,0.0069758412428200245,-0.03868060186505318,0,0.021299520507454872,0.7305848598480225,0.6822785139083862,0,0.03303617238998413,-0.6825752854347229,0.7298706769943237,0,0,8.195274353027344,0,1
B48,mixamorig_RightToe_End,47,1,0,0,0,0,1,0,0,0,0,1,0,0,3.7776100635528564,0,1
@40,0,1,2,3,4,5,7,8,9,10,11,12,13,15,16,17,19,20,21,23,24,25,26,27,28,29,31,32,33,35,36,37,39,40,41,42,44,45,46,47
K0.000,0.9699370265007019,-0.03903200104832649,0.24020600318908691,0,-0.00133500003721565,0.9861850142478943,0.1656399965286255,0,-0.2433529943227768,-0.16098099946975708,0.9564859867095947,0,-0.04860600084066391,37.48155975341797,0.2397180050611496,1,0.9956730008125305,0.024979999288916588,-0.0895100012421608,0,-0.020080000162124634,0.9982720017433167,0.05522200092673302,0,0.09073399752378464,-0.05318500101566315,0.994454026222229,0,0,4.998507976531982,-0.3862130045890808,1,0.9959499835968018,0.07989100366830826,0.04123900085687637,0,-0.08048400282859802,0.9966719746589661,0.012920999899506569,0,-0.04006899893283844,-0.01618799939751625,0.9990659952163696,0,0,5.848974227905273,0,1,0.9934419989585876,-0.05913599953055382,0.09785699844360352,0,0.06349600106477737,0.9970960021018982,-0.042047999799251556,0,-0.0950860008597374,0.047986000776290894,0.9943119883537292,0,0,6.684545040130615,0,1,0.9991790056228638,0.04050299897789955,-0.0013050000416114926,0,-0.03790999948978424,0.945609986782074,0.3230859935283661,0,0.01432000007480383,-0.32277101278305054,0.9463689923286438,0,0,7.520103931427002,0,1,0.9481220245361328,-0.09156099706888199,-0.30443501472473145,0,0.005869999993592501,0.9625049829483032,-0.27119898796081543,0,0.3178519904613495,0.2553429901599884,0.9131100177764893,0,0,3.3523709774017334,0.7353249788284302,1,0.12501099705696106,0.07572799921035767,-0.9892609715461731,0,0.9474470019340515,-0.3050520122051239,0.0963750034570694,0,-0.29447799921035767,-0.9493200182914734,-0.10988300293684006,0,3.5763509273529053,6.494558811187744,-0.09073200076818466,1,0.3023090064525604,0.848065972328186,0.4351939857006073,0,-0.9253180027008057,0.370728999376297,-0.07966800034046173,0,-0.22890199720859528,-0.3786090016365051,0.8968049883842468,0,0,7.347099781036377,0,1,0.6170459985733032,0.785968005657196,0.03883099928498268,0,-0.7864739894866943,0.6142650246620178,0.06431800127029419,0,0.02669999934732914,-0.0702269971370697,0.9971740245819092,0,0,14.504785537719727,0,1,0.5579400062561035,0.12498900294303894,0.8204150199890137,0,0.43450498580932617,0.7982640266418457,-0.41710901260375977,0,-0.7070419788360596,0.5891960263252258,0.3910749852657318,0,0,12.8273286819458,0,1,0.9983260035514832,-0.05299000069499016,0.023181000724434853,0,0.04789600148797035,0.9820849895477295,0.18224799633026123,0,-0.032423000782728195,-0.18083299696445465,0.9829789996147156,0,-1.6179039478302002,2.0895450115203857,0.703840970993042,1,0.9863219857215881,0.090379998087883,-0.1378449946641922,0,-0.09946499764919281,0.9932000041007996,-0.060495998710393906,0,0.13143999874591827,0.0733800008893013,0.9886050224304199,0,-0.3463509976863861,2.1602671146392822,0,1,0.9124450087547302,0.4089989960193634,-0.012788999825716019,0,-0.40866199135780334,0.909201979637146,-0.07966800034046173,0,-0.02095700055360794,0.07791899889707565,0.9967389702796936,0,-0.05990799888968468,2.3155341148376465,0,1,0.9604169726371765,-0.27835598587989807,-0.010792000219225883,0,0.23057299852371216,0.7726190090179443,0.5915200114250183,0,-0.15631599724292755,-0.5705950260162354,0.8062180280685425,0,-1.4441009759902954,5.686261177062988,-0.12122400104999542,1,0.9985640048980713,-0.04622900113463402,-0.027070999145507812,0,0.04646199941635132,0.49579301476478577,0.8671969771385193,0,-0.026667999103665352,-0.8672099709510803,0.4972290098667145,0,0.0008950000046752393,1.9259190559387207,0,1,0.9997959733009338,-0.019758999347686768,-0.004296000115573406,0,0.01978199928998947,0.9116939902305603,0.41039401292800903,0,-0.004191999789327383,-0.4103949964046478,0.9118980169296265,0,-0.0019180000526830554,1.9583150148391724,0,1,0.9633730053901672,-0.2640089988708496,0.047040000557899475,0,0.12223900109529495,0.5884559750556946,0.7992349863052368,0,-0.2386859953403473,-0.7642109990119934,0.599174976348877,0,1.4441020488739014,5.8092241287231445,-0.06036600098013878,1,0.9970290064811707,-0.06480500102043152,-0.04163099825382233,0,0.0660799965262413,0.44194701313972473,0.8946040272712708,0,-0.03957600146532059,-0.8946970105171204,0.4449169933795929,0,0.013069000095129013,2.0449368953704834,0,1,0.9999740123748779,-0.006725000217556953,-0.0026050000451505184,0,0.007197000086307526,0.953836977481842,0.30024001002311707,0,0.0004659999976865947,-0.3002510070800781,0.9538599848747253,0,-0.016081999987363815,1.8211649656295776,0,1,0.18223200738430023,-0.03701699897646904,0.9825590252876282,0,-0.9370660185813904,-0.30921798944473267,0.1621450036764145,0,0.2978230118751526,-0.9502699971199036,-0.09103699773550034,0,-3.5763509273529053,6.492794036865234,-0.06788499653339386,1,-0.11495500057935715,-0.9465889930725098,-0.3012549877166748,0,0.9909999966621399,-0.08834300190210342,-0.10056599974632263,0,0.0685809999704361,-0.31010499596595764,0.9482259750366211,0,0,7.347099781036377,0,1,0.8924670219421387,-0.45080000162124634,-0.016800999641418457,0,0.45111098885536194,0.8917539715766907,0.03569300100207329,0,-0.0011080000549554825,-0.039434999227523804,0.9992219805717468,0,0,14.505090713500977,0,1,0.7583379745483398,-0.11040499806404114,-0.6424440145492554,0,-0.1769070029258728,0.9137089848518372,-0.3658420145511627,0,0.6273980140686035,0.3910839855670929,0.673367977142334,0,0,12.831805229187012,0,1,0.9698119759559631,-0.07189799845218658,0.23301200568675995,0,-0.08162800222635269,0.8047000169754028,0.5880439877510071,0,-0.22978399693965912,-0.5893120169639587,0.7745389938354492,0,1.7199859619140625,2.094611883163452,0.6940950155258179,1,0.9049890041351318,0.2714790105819702,0.3275580108165741,0,-0.22538499534130096,0.9589530229568481,-0.1720760017633438,0,-0.3608280122280121,0.08190000057220459,0.9290289878845215,0,0.4443250000476837,2.1936678886413574,0,1,0.7467449903488159,0.6609169840812683,-0.0745680034160614,0,-0.647229015827179,0.6962659955024719,-0.3103339970111847,0,-0.15318599343299866,0.28000301122665405,0.9476979970932007,0,-0.04503500089049339,2.2375869750976562,0,1,0.9562489986419678,0.2916429936885834,0.02307399921119213,0,-0.27677300572395325,0.8762930035591125,0.3943440020084381,0,0.09478799998760223,-0.38347700238227844,0.9186729788780212,0,1.2493400573730469,5.719580173492432,-0.09658200293779373,1,0.9971110224723816,0.0717960000038147,0.024788999930024147,0,-0.07170700281858444,0.7821789979934692,0.618914008140564,0,0.025046000257134438,-0.6189029812812805,0.7850679755210876,0,-0.010480999946594238,1.980409026145935,0,1,0.9983069896697998,0.05477600172162056,0.019540999084711075,0,-0.055939000099897385,0.8125219941139221,0.5802410244941711,0,0.01590600050985813,-0.5803520083427429,0.8142110109329224,0,0.009263000451028347,1.944262981414795,0,1,0.938273012638092,0.3332099914550781,0.09281700104475021,0,-0.28561899065971375,0.594992995262146,0.7512689828872681,0,0.19510500133037567,-0.7314050197601318,0.6534370183944702,0,-1.2493400573730469,5.73362398147583,-0.20464399456977844,1,0.9917960166931152,0.07301600277423859,0.10492199659347534,0,-0.07287400215864182,-0.35138800740242004,0.9333890080451965,0,0.10502099990844727,-0.9333779811859131,-0.3431850075721741,0,-0.00007000000186963007,2.0563859939575195,0,1,0.9996690154075623,0.02539299987256527,0.004222000017762184,0,-0.025398999452590942,0.9463719725608826,0.32207798957824707,0,0.004182999953627586,-0.32207900285720825,0.9467039704322815,0,-0.00014200000441633165,1.8229409456253052,0,1,-0.9807559847831726,0.0027439999394118786,0.19521799683570862,0,0.12064199894666672,-0.7776449918746948,0.6170200109481812,0,0.15350399911403656,0.6286979913711548,0.762349009513855,0,4.825383186340332,-2.767975091934204,-0.47043800354003906,1,0.9965000152587891,0.0641079992055893,0.05364999920129776,0,0.06805700063705444,-0.2494799941778183,-0.9659850001335144,0,-0.04854299873113632,0.9662560224533081,-0.25297001004219055,0,0,19.313034057617188,0,1,0.9906070232391357,0.09519600123167038,0.09815800189971924,0,-0.10604000091552734,0.08160500228404999,0.9910079836845398,0,0.08632999658584595,-0.9921079874038696,0.09093300253152847,0,0,17.529306411743164,0,1,0.9984880089759827,-0.000737000023946166,0.05497099831700325,0,-0.025405999273061752,0.8805490136146545,0.47327399253845215,0,-0.04875300079584122,-0.4739539921283722,0.8791990280151367,0,0,8.28304672241211,0,1,-0.9855139851570129,-0.10882599651813507,0.1300709992647171,0,0.15714900195598602,-0.8743590116500854,0.45913100242614746,0,0.06376300007104874,0.4729200005531311,0.8787950277328491,0,-4.825383186340332,-2.767975091934204,-0.32127898931503296,1,0.9983620047569275,-0.0564350001513958,0.00940299965441227,0,0.031168000772595406,0.39866700768470764,-0.916566014289856,0,0.0479779988527298,0.9153580069541931,0.3997730016708374,0,0,19.321796417236328,0,1,0.9729300141334534,0.15775500237941742,-0.16888199746608734,0,0.20605899393558502,-0.2613219916820526,0.9430009722709656,0,0.10463099926710129,-0.9522730112075806,-0.2867549955844879,0,0,17.528348922729492,0,1,0.9987390041351318,0.0033340000081807375,-0.050085000693798065,0,0.024887999519705772,0.8336169719696045,0.5517820119857788,0,0.04359100013971329,-0.5523329973220825,0.8324829936027527,0,0,8.195274353027344,0,1
K0.033,0.9746680855751038,-0.018579833209514618,0.22288283705711365,0,-0.019931146875023842,0.9853630065917969,0.16929802298545837,0,-0.22276580333709717,-0.16945205628871918,0.960032045841217,0,-0.01749873347580433,37.684814453125,0.2982368767261505,1,0.9963229894638062,0.008182856254279613,-0.08528397232294083,0,-0.003845861880108714,0.9986969828605652,0.050894953310489655,0,0.08558996021747589,-0.050378963351249695,0.9950559735298157,0,0,4.998507976531982,-0.3862130045890808,1,0.9961689710617065,0.07629197090864182,0.04273401200771332,0,-0.07682596892118454,0.9969840049743652,0.010998986661434174,0,-0.04176601395010948,-0.01423998735845089,0.9990260004997253,0,0,5.848974227905273,0,1,0.9930629730224609,-0.06258802860975266,0.09954501688480377,0,0.06721902638673782,0.9967740178108215,-0.04386201128363609,0,-0.09647900611162186,0.05024901404976845,0.9940659999847412,0,0,6.684545040130615,0,1,0.9991880059242249,0.0402740016579628,-0.0007059907075017691,0,-0.03782700374722481,0.9442229866981506,0.327127069234848,0,0.01384099293500185,-0.3268350660800934,0.9449800252914429,0,0,7.520103931427002,0,1,0.950357973575592,-0.08498094975948334,-0.29932793974876404,0,-0.00042604186455719173,0.9616259932518005,-0.27436399459838867,0,0.3111569285392761,0.260871022939682,0.9138529896736145,0,0,3.3523709774017334,0.7353249788284302,1,0.15000826120376587,0.07870903611183167,-0.9855469465255737,0,0.9460600018501282,-0.30096298456192017,0.11996225267648697,0,-0.2871709167957306,-0.9503819942474365,-0.11961110681295395,0,3.5763509273529053,6.494558811187744,-0.09073200076818466,1,0.31857022643089294,0.8430279493331909,0.43337899446487427,0,-0.914854884147644,0.39311426877975464,-0.09220801293849945,0,-0.2481011003255844,-0.3671039044857025,0.896481990814209,0,0,7.347099781036377,0,1,0.6064958572387695,0.7940950393676758,0.03969300910830498,0,-0.7946050763130188,0.6036378741264343,0.06498400866985321,0,0.027643010020256042,-0.07095300406217575,0.9970970153808594,0,0,14.504785537719727,0,1,0.5501549243927002,0.11510896682739258,0.8270909786224365,0,0.44908109307289124,0.7942529320716858,-0.40925297141075134,0,-0.7040280103683472,0.5965840816497803,0.3852689564228058,0,0,12.8273286819458,0,1,0.9982500076293945,-0.055057015269994736,0.021582987159490585,0,0.05024001747369766,0.9820910096168518,0.1815830022096634,0,-0.031193990260362625,-0.18018099665641785,0.9831389784812927,0,-1.6179039478302002,2.0895450115203857,0.703840970993042,1,0.9863219857215881,0.090379998087883,-0.1378449946641922,0,-0.09946499764919281,0.9932000041007996,-0.060495998710393906,0,0.13143999874591827,0.0733800008893013,0.9886050224304199,0,-0.3463509976863861,2.1602671146392822,0,1,0.9121860265731812,0.4095659852027893,-0.013141002506017685,0,-0.40925100445747375,0.9089249968528748,-0.07980900257825851,0,-0.020742997527122498,0.0781790018081665,0.996724009513855,0,-0.05990799888968468,2.3155341148376465,0,1,0.9603980183601379,-0.2784149944782257,-0.010951001197099686,0,0.23105299472808838,0.7738249897956848,0.5897539854049683,0,-0.1557220071554184,-0.5689290165901184,0.8075090050697327,0,-1.4441009759902954,5.686261177062988,-0.12122400104999542,1,0.9985619783401489,-0.0462459996342659,-0.027101999148726463,0,0.046480000019073486,0.4951950013637543,0.8675379753112793,0,-0.026698999106884003,-0.8675500154495239,0.49663200974464417,0,0.0008950000046752393,1.9259190559387207,0,1,0.9997950196266174,-0.01978999935090542,-0.004308999981731176,0,0.019812999293208122,0.9114260077476501,0.4109860062599182,0,-0.00420599989593029,-0.410986989736557,0.9116309881210327,0,-0.0019180000526830554,1.9583150148391724,0,1,0.9634529948234558,-0.26370900869369507,0.04707400128245354,0,0.12251800298690796,0.5900660157203674,0.7980049848556519,0,-0.23821799457073212,-0.7630730271339417,0.6008099913597107,0,1.4441020488739014,5.8092241287231445,-0.06036600098013878,1,0.9970269799232483,-0.06481499969959259,-0.041662998497486115,0,0.06609100103378296,0.4414510130882263,0.8948479890823364,0,-0.039608001708984375,-0.894940972328186,0.44442299008369446,0,0.013069000095129013,2.0449368953704834,0,1,0.9999740123748779,-0.006756999995559454,-0.0026140001136809587,0,0.007230999879539013,0.953669011592865,0.30077001452445984,0,0.0004609999596141279,-0.3007810115814209,0.9536929726600647,0,-0.016081999987363815,1.8211649656295776,0,1,0.18223200738430023,-0.03701699897646904,0.9825590252876282,0,-0.9370660185813904,-0.30921700596809387,0.1621450036764145,0,0.2978219985961914,-0.9502710103988647,-0.09103699773550034,0,-3.5763509273529053,6.492794036865234,-0.06788499653339386,1,-0.10760883241891861,-0.9473770260810852,-0.30149298906326294,0,0.9913240075111389,-0.07922184467315674,-0.10488694906234741,0,0.07548300176858902,-0.3101639747619629,0.9476820230484009,0,0,7.347099781036377,0,1,0.8881359696388245,-0.45926111936569214,-0.017144005745649338,0,0.45957911014556885,0.8873919248580933,0.03636300936341286,0,-0.0014870057348161936,-0.04017500951886177,0.9991919994354248,0,0,14.505090713500977,0,1,0.7534059286117554,-0.1019209772348404,-0.6496080756187439,0,-0.18966010212898254,0.9122459292411804,-0.3630930185317993,0,0.6296089887619019,0.39676108956336975,0.6679609417915344,0,0,12.831805229187012,0,1,0.9698119759559631,-0.07189799845218658,0.23301200568675995,0,-0.08162900060415268,0.8047000169754028,0.5880439877510071,0,-0.22978399693965912,-0.5893120169639587,0.7745389938354492,0,1.7199859619140625,2.094611883163452,0.6940950155258179,1,0.9049879908561707,0.271479994058609,0.3275580108165741,0,-0.22538599371910095,0.9589530229568481,-0.1720760017633438,0,-0.3608280122280121,0.08190000057220459,0.9290289878845215,0,0.4443250000476837,2.1936678886413574,0,1,0.7467449903488159,0.6609169840812683,-0.0745680034160614,0,-0.647229015827179,0.6962670087814331,-0.3103339970111847,0,-0.15318599343299866,0.28000301122665405,0.9476990103721619,0,-0.04503500089049339,2.2375869750976562,0,1,0.9562489986419678,0.2916429936885834,0.02307399921119213,0,-0.27677300572395325,0.8762930035591125,0.3943440020084381,0,0.09478799998760223,-0.38347700238227844,0.9186729788780212,0,1.2493400573730469,5.719580173492432,-0.09658200293779373,1,0.9971110224723816,0.0717960000038147,0.024788999930024147,0,-0.07170700281858444,0.7821789979934692,0.618914008140564,0,0.025046000257134438,-0.6189029812812805,0.7850679755210876,0,-0.010480999946594238,1.980409026145935,0,1,0.9983069896697998,0.05477600172162056,0.019540000706911087,0,-0.055939000099897385,0.8125219941139221,0.5802410244941711,0,0.01590600050985813,-0.5803520083427429,0.8142110109329224,0,0.009263000451028347,1.944262981414795,0,1,0.938273012638092,0.3332099914550781,0.0928179994225502,0,-0.28561899065971375,0.594992995262146,0.7512689828872681,0,0.19510400295257568,-0.7314050197601318,0.6534370183944702,0,-1.2493400573730469,5.73362398147583,-0.20464399456977844,1,0.9917960166931152,0.07301600277423859,0.10492199659347534,0,-0.07287400215864182,-0.35138800740242004,0.9333890080451965,0,0.10502000153064728,-0.9333779811859131,-0.3431850075721741,0,-0.00007000000186963007,2.0563859939575195,0,1,0.9996690154075623,0.02539299987256527,0.004222000017762184,0,-0.025398999452590942,0.9463719725608826,0.32207798957824707,0,0.004182999953627586,-0.32207798957824707,0.9467039704322815,0,-0.00014200000441633165,1.8229409456253052,0,1,-0.9851990342140198,0.042972177267074585,0.16594156622886658,0,0.1051277294754982,-0.6131616830825806,0.7829309105873108,0,0.13539376854896545,0.788787841796875,0.5995687246322632,0,4.825383186340332,-2.767975091934204,-0.47043800354003906,1,0.9973210096359253,0.055488958954811096,0.04766001179814339,0,0.05586789548397064,-0.15727277100086212,-0.9859731197357178,0,-0.04721507057547569,0.9859951138496399,-0.15995176136493683,0,0,19.313034057617188,0,1,0.9908060431480408,0.058322470635175705,0.12207287549972534,0,-0.12399385869503021,0.030533678829669952,0.9918130040168762,0,0.05411851033568382,-0.9978309869766235,0.03748461604118347,0,0,17.529306411743164,0,1,0.9985610246658325,-0.0014420015504583716,0.053602997213602066,0,-0.025160999968647957,0.87015700340271,0.4921310245990753,0,-0.04735299572348595,-0.49277204275131226,0.8688690066337585,0,0,8.28304672241211,0,1,-0.9937370419502258,-0.08799166232347488,0.06887836009263992,0,0.10495449602603912,-0.9465474486351013,0.3050121068954468,0,0.038357604295015335,0.3103310465812683,0.9498544335365295,0,-4.825383186340332,-2.767975091934204,-0.32127898931503296,1,0.9961199164390564,-0.0858493447303772,0.01935991644859314,0,0.058418259024620056,0.4805004596710205,-0.875046968460083,0,0.06581920385360718,0.8727830052375793,0.48365047574043274,0,0,19.321796417236328,0,1,0.970829963684082,0.1734023243188858,-0.16559381783008575,0,0.21119485795497894,-0.29145148396492004,0.9329801797866821,0,0.11351846158504486,-0.9407380819320679,-0.31957152485847473,0,0,17.528348922729492,0,1,0.9991009831428528,0.006150020286440849,-0.041951898485422134,0,0.02249295823276043,0.7618359923362732,0.6473790407180786,0,0.03594191372394562,-0.6477410197257996,0.7610129714012146,0,0,8.195274353027344,0,1
K0.067,0.9784399271011353,-0.0017641672166064382,0.20652616024017334,0,-0.034608855843544006,0.9844239950180054,0.17237097024917603,0,-0.20361319184303284,-0.17580194771289825,0.9631379246711731,0,0.009032736532390118,38.08717727661133,0.3858831226825714,1,0.9965900182723999,-0.006117857992649078,-0.08228503167629242,0,0.00994386337697506,0.9988840222358704,0.046171046793460846,0,0.08191003650426865,-0.04683203250169754,0.9955390095710754,0,0,4.998507976531982,-0.3862130045890808,1,0.996321976184845,0.07357703149318695,0.04392598941922188,0,-0.07407102733850479,0.9972059726715088,0.009725012816488743,0,-0.04308798536658287,-0.01294301263988018,0.9989870190620422,0,0,5.848974227905273,0,1,0.99276202917099,-0.06521397083997726,0.10084498673677444,0,0.07003697007894516,0.9965270161628723,-0.045038990676403046,0,-0.09755799174308777,0.05177498608827591,0.9938820004463196,0,0,6.684545040130615,0,1,0.999189019203186,0.04026100039482117,0.00022199077648110688,0,-0.03805699571967125,0.9426519870758057,0.33160096406936646,0,0.013141006231307983,-0.3313409388065338,0.9434199929237366,0,0,7.520103931427002,0,1,0.9524980187416077,-0.0797700509428978,-0.2939130663871765,0,-0.0046089584939181805,0.9611999988555908,-0.2758139967918396,0,0.30451107025146484,0.2640669643878937,0.9151729941368103,0,0,3.3523709774017334,0.7353249788284302,1,0.17682573199272156,0.0821489617228508,-0.9808080792427063,0,0.9436889886856079,-0.2972490191459656,0.14523674547672272,0,-0.27961409091949463,-0.9512590169906616,-0.13008388876914978,0,3.5763509273529053,6.494558811187744,-0.09073200076818466,1,0.3421327471733093,0.8342090845108032,0.43248099088668823,0,-0.9032291173934937,0.41886773705482483,-0.09341298788785934,0,-0.25907787680625916,-0.35867008566856384,0.8967909812927246,0,0,7.347099781036377,0,1,0.5958971381187439,0.802035927772522,0.04055999219417572,0,-0.8025519251823425,0.5929611325263977,0.06563299149274826,0,0.028589989989995956,-0.07166199386119843,0.9970189929008484,0,0,14.504785537719727,0,1,0.5470930337905884,0.11181803047657013,0.8295699954032898,0,0.4566359221935272,0.7907220721244812,-0.40772801637649536,0,-0.7015500068664551,0.6018769145011902,0.3815390169620514,0,0,12.8273286819458,0,1,0.9981859922409058,-0.056663986295461655,0.020338013768196106,0,0.052061982452869415,0.9820929765701294,0.18105800449848175,0,-0.03023400902748108,-0.1796710044145584,0.9832620024681091,0,-1.6179039478302002,2.0895450115203857,0.703840970993042,1,0.9863219857215881,0.090379998087883,-0.1378449946641922,0,-0.09946499764919281,0.9932000041007996,-0.060495998710393906,0,0.13143999874591827,0.0733800008893013,0.9886050224304199,0,-0.3463509976863861,2.1602671146392822,0,1,0.9119579792022705,0.4100629985332489,-0.013449997641146183,0,-0.4097689986228943,0.9086809754371643,-0.07993300259113312,0,-0.020556000992655754,0.07840699702501297,0.9967089891433716,0,-0.05990799888968468,2.3155341148376465,0,1,0.9603909850120544,-0.2784369885921478,-0.011049998924136162,0,0.23137199878692627,0.7746959924697876,0.588483989238739,0,-0.15529599785804749,-0.5677319765090942,0.8084329962730408,0,-1.4441009759902954,5.686261177062988,-0.12122400104999542,1,0.9985610246658325,-0.046257998794317245,-0.02712400071322918,0,0.04649199917912483,0.4947809875011444,0.8677729964256287,0,-0.02672100067138672,-0.8677849769592285,0.4962199926376343,0,0.0008950000046752393,1.9259190559387207,0,1,0.9997940063476562,-0.019812000915408134,-0.00431900005787611,0,0.01983500085771084,0.9112409949302673,0.4113970100879669,0,-0.004215000197291374,-0.4113979935646057,0.9114459753036499,0,-0.0019180000526830554,1.9583150148391724,0,1,0.9635170102119446,-0.2634649872779846,0.04712799936532974,0,0.12268800288438797,0.5912629961967468,0.7970920205116272,0,-0.23787200450897217,-0.7622299790382385,0.6020159721374512,0,1.4441020488739014,5.8092241287231445,-0.06036600098013878,1,0.9970260262489319,-0.0648220032453537,-0.041682999581098557,0,0.06609799712896347,0.4411349892616272,0.8950030207633972,0,-0.03962799906730652,-0.895097017288208,0.4441080093383789,0,0.013069000095129013,2.0449368953704834,0,1,0.9999740123748779,-0.006777999922633171,-0.0026199999265372753,0,0.007253000047057867,0.9535620212554932,0.3011089861392975,0,0.00045700001646764576,-0.30112001299858093,0.9535859823226929,0,-0.016081999987363815,1.8211649656295776,0,1,0.18223200738430023,-0.03701699897646904,0.9825590252876282,0,-0.9370660185813904,-0.30921798944473267,0.1621450036764145,0,0.2978219985961914,-0.9502710103988647,-0.09103699773550034,0,-3.5763509273529053,6.492794036865234,-0.06788499653339386,1,-0.0908561646938324,-0.9494460225105286,-0.30049601197242737,0,0.9930019974708557,-0.06351115554571152,-0.09956705570220947,0,0.07544799894094467,-0.30743902921676636,0.9485719799995422,0,0,7.347099781036377,0,1,0.8816770315170288,-0.47152188420295715,-0.017654994502663612,0,0.47184789180755615,0.8808890581130981,0.03733398765325546,0,-0.002051994437351823,-0.041246987879276276,0.9991469979286194,0,0,14.505090713500977,0,1,0.7484630346298218,-0.09966502338647842,-0.655644953250885,0,-0.19946590065956116,0.9090330600738525,-0.36588597297668457,0,0.6324689984321594,0.4046308994293213,0.6604970693588257,0,0,12.831805229187012,0,1,0.9698119759559631,-0.07189799845218658,0.23301200568675995,0,-0.08162900060415268,0.8047000169754028,0.5880439877510071,0,-0.22978399693965912,-0.5893120169639587,0.7745389938354492,0,1.7199859619140625,2.094611883163452,0.6940950155258179,1,0.9049890041351318,0.271479994058609,0.3275580108165741,0,-0.22538599371910095,0.9589530229568481,-0.1720760017633438,0,-0.3608280122280121,0.0818990021944046,0.9290289878845215,0,0.4443250000476837,2.1936678886413574,0,1,0.7467449903488159,0.6609169840812683,-0.0745680034160614,0,-0.647229015827179,0.6962659955024719,-0.3103339970111847,0,-0.15318599343299866,0.28000301122665405,0.9476979970932007,0,-0.04503500089049339,2.2375869750976562,0,1,0.9562489986419678,0.2916429936885834,0.02307399921119213,0,-0.27677300572395325,0.8762930035591125,0.3943440020084381,0,0.09478799998760223,-0.38347700238227844,0.9186729788780212,0,1.2493400573730469,5.719580173492432,-0.09658200293779373,1,0.9971110224723816,0.0717960000038147,0.024788999930024147,0,-0.07170700281858444,0.7821789979934692,0.618914008140564,0,0.025046000257134438,-0.6189029812812805,0.7850679755210876,0,-0.010480999946594238,1.980409026145935,0,1,0.9983069896697998,0.05477499961853027,0.019540999084711075,0,-0.055939000099897385,0.8125219941139221,0.5802410244941711,0,0.01590600050985813,-0.5803520083427429,0.8142110109329224,0,0.009263000451028347,1.944262981414795,0,1,0.938273012638092,0.3332099914550781,0.09281700104475021,0,-0.28561899065971375,0.594992995262146,0.7512689828872681,0,0.19510500133037567,-0.7314059734344482,0.6534370183944702,0,-1.2493400573730469,5.73362398147583,-0.20464399456977844,1,0.9917960166931152,0.07301600277423859,0.10492300242185593,0,-0.0728750005364418,-0.35138800740242004,0.9333890080451965,0,0.10502099990844727,-0.9333779811859131,-0.3431839942932129,0,-0.00007000000186963007,2.0563859939575195,0,1,0.9996690154075623,0.02539299987256527,0.004220999777317047,0,-0.025398999452590942,0.9463719725608826,0.32207798957824707,0,0.004182999953627586,-0.32207900285720825,0.9467039704322815,0,-0.00014200000441633165,1.8229409456253052,0,1,-0.9906079173088074,0.060732826590538025,0.12250842899084091,0,0.07850326597690582,-0.48096731305122375,0.8732171058654785,0,0.11195523291826248,0.8746321797370911,0.47168228030204773,0,4.825383186340332,-2.767975091934204,-0.47043800354003906,1,0.9974939823150635,0.05122204124927521,0.04880798980593681,0,0.0453731045126915,0.06619878113269806,-0.996773898601532,0,-0.054287929087877274,0.9964908957481384,0.06370878219604492,0,0,19.313034057617188,0,1,0.9939709305763245,0.005288527347147465,0.10951412469148636,0,-0.10950814187526703,-0.0014116825768724084,0.9939849972724915,0,0.005411484278738499,-0.9999849796295166,-0.0008236192516051233,0,0,17.529306411743164,0,1,0.9985769987106323,-0.0015879985876381397,0.053310003131628036,0,-0.025104999542236328,0.8678990006446838,0.49610698223114014,0,-0.04705600440502167,-0.4967389702796936,0.8666229844093323,0,0,8.28304672241211,0,1,-0.9985069632530212,-0.05438033491373062,0.005199632607400417,0,0.05461850017309189,-0.9920074939727783,0.11374489963054657,0,-0.001027608523145318,0.11385895311832428,0.9934965968132019,0,-4.825383186340332,-2.767975091934204,-0.32127898931503296,1,0.992694079875946,-0.12016566097736359,0.010911083780229092,0,0.08437773585319519,0.6267095804214478,-0.7746710181236267,0,0.08625079691410065,0.7699310183525085,0.6322705149650574,0,0,19.321796417236328,0,1,0.9674320816993713,0.2054646909236908,-0.14784717559814453,0,0.19624614715576172,-0.23988650739192963,0.9507588148117065,0,0.15988053381443024,-0.9488089680671692,-0.2723954916000366,0,0,17.528348922729492,0,1,0.9994590282440186,0.008219979703426361,-0.03183310106396675,0,0.018440041691064835,0.6614460349082947,0.7497659921646118,0,0.02721908688545227,-0.7499479651451111,0.6609370112419128,0,0,8.195274353027344,0,1
