8.767,30,263,49
B0,mixamorig_Hips,-1,0.9883819818496704,-0.06693514436483383,0.13645540177822113,0,0.07437442243099213,0.9959678053855896,-0.05016067996621132,0,-0.1325480192899704,0.059726301580667496,0.9893750548362732,0,-0.45710110664367676,43.21125411987305,0.7346658110618591,1
B1,mixamorig_Spine,0,0.9973849058151245,0.07091230154037476,0.013925830833613873,0,-0.06911269575357437,0.99228435754776,-0.10292958468198776,0,-0.02111753076314926,0.10169763118028641,0.994590699672699,0,0,4.998507976531982,-0.3862130045890808,1
B2,mixamorig_Spine1,1,0.9957060217857361,0.08773321658372879,0.029537806287407875,0,-0.08758063614368439,0.9961363673210144,-0.006428727880120277,0,-0.0299881249666214,0.0038144218269735575,0.9995430111885071,0,0,5.848974227905273,0,1
B3,mixamorig_Spine2,2,0.9956960678100586,0.08846034109592438,0.027649061754345894,0,-0.08833418786525726,0.9960737824440002,-0.005746826063841581,0,-0.02804894559085369,0.0032791211269795895,0.9996015429496765,0,0,6.684545040130615,0,1
B4,mixamorig_Neck,3,0.9987415671348572,-0.049806274473667145,-0.005865845829248428,0,0.05014406889677048,0.9899315237998962,0.1323641687631607,0,-0.0007859451579861343,-0.1324918270111084,0.991183876991272,0,0,7.520103931427002,0,1
B5,mixamorig_Head,4,0.9895641803741455,-0.14255042374134064,-0.0209865253418684,0,0.14314880967140198,0.9891914129257202,0.031076934188604355,0,0.01633508875966072,-0.033758744597435,0.9992746710777283,0,0,3.3523709774017334,0.7353249788284302,1
B6,mixamorig_HeadTop_End,5,1,0,0,0,0,1,0,0,0,0,1,0,0,16.323562622070312,3.5804879665374756,1
B7,mixamorig_LeftShoulder,3,-0.11621800065040588,0.013530946336686611,-0.993128776550293,0,0.9092065691947937,-0.4010307490825653,-0.11186177283525467,0,-0.39978891611099243,-0.9159639477729797,0.03430194407701492,0,3.5763509273529053,6.494558811187744,-0.09073200076818466,1
B8,mixamorig_LeftArm,7,0.9643021821975708,0.08381787687540054,-0.2511640787124634,0,0.1839943528175354,0.4700351357460022,0.8632551431655884,0,0.19041527807712555,-0.8786512613296509,0.43783804774284363,0,0,7.347099781036377,0,1
B9,mixamorig_LeftForeArm,8,0.9701733589172363,0.2421727478504181,0.009951266460120678,0,-0.24232815206050873,0.9699828028678894,0.019818084314465523,0,-0.004851918201893568,-0.0216387789696455,0.9997541904449463,0,0,14.504785537719727,0,1
B10,mixamorig_LeftHand,9,0.9302277565002441,0.36441004276275635,-0.04319600760936737,0,-0.35419872403144836,0.9224062561988831,0.15393878519535065,0,0.09594640135765076,-0.12790583074092865,0.9871318340301514,0,0,12.8273286819458,0,1
B11,mixamorig_LeftHandThumb1,10,0.9705430269241333,-0.07322400063276291,-0.22953100502490997,0,0.13713300228118896,0.9512090086936951,0.2763980031013489,0,0.1980929970741272,-0.2997330129146576,0.933230996131897,0,-1.6179039478302002,2.0895450115203857,0.703840970993042,1
B12,mixamorig_LeftHandThumb2,11,0.9677069783210754,-0.2300020009279251,0.10316099971532822,0,0.23849999904632568,0.9679009914398193,-0.07927899807691574,0,-0.08161500096321106,0.10132300108671188,0.9915000200271606,0,-0.3463509976863861,2.1602671146392822,0,1
B13,mixamorig_LeftHandThumb3,12,0.9911680221557617,-0.05467100068926811,0.12082099914550781,0,0.056239284574985504,0.9983710050582886,-0.009606000036001205,0,-0.12009900063276291,0.016316000372171402,0.9926279783248901,0,-0.05990799888968468,2.3155341148376465,0,1
B14,mixamorig_LeftHandThumb4,13,1,0,0,0,0,1,0,0,0,0,1,0,0.40626001358032227,1.5598150491714478,0,1
B15,mixamorig_LeftHandIndex1,10,0.9712160229682922,-0.2369920015335083,-0.023958999663591385,0,0.23814700543880463,0.9639549851417542,0.11864471435546875,0,-0.005022000055760145,-0.12093500047922134,0.9926480054855347,0,-1.4441009759902954,5.686261177062988,-0.12122400104999542,1
B16,mixamorig_LeftHandIndex2,15,0.9994590282440186,-0.03203500062227249,-0.0074640000239014626,0,0.03207600116729736,0.89894700050354,0.43688100576400757,0,-0.007286000065505505,-0.43688398599624634,0.8994879722595215,0,0.0008950000046752393,1.9259190559387207,0,1
B17,mixamorig_LeftHandIndex3,16,0.9998340010643005,-0.018036000430583954,-0.0026257166173309088,0,0.018046999350190163,0.9595509767532349,0.2809540033340454,0,-0.0025480000767856836,-0.2809549868106842,0.9597179889678955,0,-0.0019180000526830554,1.9583150148391724,0,1
B18,mixamorig_LeftHandIndex4,17,1,0,0,0,0,1,0,0,0,0,1,0,0.0010229999898001552,1.312608003616333,0,1
B19,mixamorig_LeftHandMiddle1,10,0.967993974685669,-0.2504209876060486,-0.016673000529408455,0,0.2489590048789978,0.9496920108795166,0.19001300632953644,0,-0.031748998910188675,-0.1880819946527481,0.9816399812698364,0,1.4441020488739014,5.8092241287231445,-0.06036600098013878,1
B20,mixamorig_LeftHandMiddle2,19,0.9985449910163879,-0.05210699886083603,-0.013895000331103802,0,0.052365999668836594,0.8753319978713989,0.480677992105484,0,-0.012884000316262245,-0.48070672154426575,0.876787006855011,0,0.013069000095129013,2.0449368953704834,0,1
B21,mixamorig_LeftHandMiddle3,20,0.9998120069503784,-0.018607717007398605,-0.005539000034332275,0,0.01931300014257431,0.9241099953651428,0.38163700699806213,0,-0.0019829999655485153,-0.38167300820350647,0.9242950081825256,0,-0.016081999987363815,1.8211649656295776,0,1
B22,mixamorig_LeftHandMiddle4,21,1,0,0,0,0,1,0,0,0,0,1,0,0.0030129998922348022,1.1293100118637085,0,1
B23,mixamorig_RightShoulder,3,0.01417749933898449,-0.015723342075943947,0.9997716546058655,0,-0.8839716911315918,-0.4675035774707794,0.005181249231100082,0,0.46731555461883545,-0.8838509917259216,-0.020529333502054214,0,-3.5763509273529053,6.492794036865234,-0.06788499653339386,1
B24,mixamorig_RightArm,23,0.9696064591407776,0.08303386718034744,0.23014512658119202,0,-0.21738514304161072,0.72402423620224,0.6546229720115662,0,-0.11227420717477798,-0.6847577095031738,0.7200689911842346,0,0,7.347099781036377,0,1
B25,mixamorig_RightForeArm,24,0.9825145602226257,-0.18591591715812683,-0.009676641784608364,0,0.18604476749897003,0.9824272990226746,0.014719158411026001,0,0.006769808474928141,-0.016262469813227654,0.9998447299003601,0,0,14.505090713500977,0,1
B26,mixamorig_RightHand,25,0.9647965431213379,-0.19306343793869019,-0.17857588827610016,0,0.20264139771461487,0.9785559773445129,0.036876700818538666,0,0.16762638092041016,-0.07176404446363449,0.9832339286804199,0,0,12.831805229187012,0,1
B27,mixamorig_RightHandThumb1,26,0.9919549226760864,0.038880787789821625,0.12046942859888077,0,-0.07382399588823318,0.9507520198822021,0.30103057622909546,0,-0.10283196717500687,-0.3075019419193268,0.9459739923477173,0,1.7199859619140625,2.094611883163452,0.6940950155258179,1
B28,mixamorig_RightHandThumb2,27,0.9799317121505737,0.18851228058338165,0.06471548229455948,0,-0.1801128089427948,0.9766066670417786,-0.11742672324180603,0,-0.08533512055873871,0.10341883450746536,0.990965723991394,0,0.4443250000476837,2.1936678886413574,0,1
B29,mixamorig_RightHandThumb3,28,0.9924861192703247,-0.008488808758556843,-0.12202605605125427,0,-0.0006298444932326674,0.9972221851348877,-0.07444338500499725,0,0.12232071161270142,0.07395906001329422,0.9897247552871704,0,-0.04503500089049339,2.2375869750976562,0,1
B30,mixamorig_RightHandThumb4,29,1,0,0,0,0,1,0,0,0,0,1,0,-0.3992899954319,1.5004229545593262,0,1
B31,mixamorig_RightHandIndex1,26,0.9745363593101501,0.22364391386508942,0.01618867740035057,0,-0.2239525020122528,0.9672061800956726,0.11982350796461105,0,0.011140682734549046,-0.12039739638566971,0.9926631450653076,0,1.2493400573730469,5.719580173492432,-0.09658200293779373,1
B32,mixamorig_RightHandIndex2,31,0.9986934661865234,0.050567131489515305,0.007366571109741926,0,-0.05055541172623634,0.9567162990570068,0.28658798336982727,0,0.007444721646606922,-0.2865859568119049,0.9580228328704834,0,-0.010480999946594238,1.980409026145935,0,1
B33,mixamorig_RightHandIndex3,32,0.9997506737709045,0.022153779864311218,0.002734416164457798,0,-0.022279780358076096,0.9828523993492126,0.18304331600666046,0,0.0013674162328243256,-0.18305832147598267,0.9831013679504395,0,0.009263000451028347,1.944262981414795,0,1
B34,mixamorig_RightHandIndex4,33,1,0,0,0,0,1,0,0,0,0,1,0,0.0012179999612271786,1.2091100215911865,0,1
B35,mixamorig_RightHandMiddle1,26,0.9711620807647705,0.23488937318325043,0.040883950889110565,0,-0.23836863040924072,0.9601656794548035,0.14581440389156342,0,-0.005005125887691975,-0.15135475993156433,0.9884669780731201,0,-1.2493400573730469,5.73362398147583,-0.20464399456977844,1
B36,mixamorig_RightHandMiddle2,35,0.998359739780426,0.055558204650878906,0.013811646029353142,0,-0.05554448813199997,0.8815993666648865,0.46871185302734375,0,0.01386464573442936,-0.4687098562717438,0.8832396268844604,0,-0.00007000000186963007,2.0563859939575195,0,1
B37,mixamorig_RightHandMiddle3,36,0.9999169111251831,0.012791970744729042,0.000806438154540956,0,-0.012805121950805187,0.9942367076873779,0.106090247631073,0,0.0005641375901177526,-0.10609196126461029,0.9943190813064575,0,-0.00014200000441633165,1.8229409456253052,0,1
B38,mixamorig_RightHandMiddle4,37,1,0,0,0,0,1,0,0,0,0,1,0,0.0002119999990100041,1.1407840251922607,0,1
B39,mixamorig_LeftUpLeg,0,-0.9204500913619995,-0.21744324266910553,0.32479214668273926,0,0.30615004897117615,-0.917680561542511,0.25324690341949463,0,0.24298809468746185,0.332535982131958,0.911249577999115,0,4.825383186340332,-2.767975091934204,-0.47043800354003906,1
B40,mixamorig_LeftLeg,39,0.9984151124954224,-0.00851439218968153,-0.055633798241615295,0,-0.009180890396237373,0.9506081938743591,-0.31025612354278564,0,0.055527664721012115,0.310275137424469,0.9490236043930054,0,0,19.313034057617188,0,1
B41,mixamorig_LeftFoot,40,0.9850125312805176,-0.1639872044324875,-0.053471386432647705,0,0.13480380177497864,0.5384982824325562,0.8317738175392151,0,-0.10760582238435745,-0.8265153765678406,0.5525333285331726,0,0,17.529306411743164,0,1
B42,mixamorig_LeftToeBase,41,0.9982699751853943,0.001433433499187231,0.0587831512093544,0,-0.02593900077044964,0.9079102277755737,0.41836145520210266,0,-0.05277014896273613,-0.41916245222091675,0.9063764810562134,0,0,8.28304672241211,0,1
B43,mixamorig_LeftToe_End,42,1,0,0,0,0,1,0,0,0,0,1,0,0,3.812998056411743,0,1
B44,mixamorig_RightUpLeg,0,-0.9837546348571777,-0.09230569005012512,-0.1539667844772339,0,0.0949518233537674,-0.9954321384429932,-0.009906016290187836,0,-0.1523488312959671,-0.024364011362195015,0.988025963306427,0,-4.825383186340332,-2.767975091934204,-0.32127898931503296,1
B45,mixamorig_RightLeg,44,0.9932245016098022,0.041808437556028366,-0.10842962563037872,0,-0.07852370291948318,0.9292627573013306,-0.3609769642353058,0,0.08566775918006897,0.3670450747013092,0.9262494444847107,0,0,19.321796417236328,0,1
B46,mixamorig_RightFoot,45,0.9942964911460876,-0.09069317579269409,0.05611945688724518,0,-0.034617338329553604,0.2232605367898941,0.9741436243057251,0,-0.10087783634662628,-0.9705304503440857,0.21884797513484955,0,0,17.528348922729492,0,1
B47,mixamorig_RightToeBase,46,0.9983850121498108,0.00012571676052175462,-0.05680985003709793,0,0.02621000073850155,0.8861881494522095,0.46258407831192017,0,0.05040256679058075,-0.4633260667324066,0.8847533464431763,0,0,8.195274353027344,0,1
B48,mixamorig_RightToe_End,47,1,0,0,0,0,1,0,0,0,0,1,0,0,3.7776100635528564,0,1
@40,0,1,2,3,4,5,7,8,9,10,11,12,13,15,16,17,19,20,21,23,24,25,26,27,28,29,31,32,33,35,36,37,39,40,41,42,44,45,46,47
K0.000,0.9908199906349182,-0.07665900141000748,0.11135199666023254,0,0.08277100324630737,0.9952449798583984,-0.05134499818086624,0,-0.10688699781894684,0.06009000167250633,0.9924539923667908,0,-0.4098829925060272,43.15134048461914,0.4610840082168579,1,0.9958239793777466,0.0881429985165596,0.023792000487446785,0,-0.08477699756622314,0.9894670248031616,-0.1173349991440773,0,-0.03388400003314018,0.114826999604702,0.9928069710731506,0,0,4.998507976531982,-0.3862130045890808,1,0.9927340149879456,0.11116600036621094,0.04606100171804428,0,-0.11107400059700012,0.993802011013031,-0.004556000232696533,0,-0.046282000839710236,-0.0005929999751970172,0.9989280104637146,0,0,5.848974227905273,0,1,0.9927319884300232,0.11270499974489212,0.04219600185751915,0,-0.11267100274562836,0.9936270117759705,-0.0032019999343901873,0,-0.042288001626729965,-0.0015750000020489097,0.9991040229797363,0,0,6.684545040130615,0,1,0.9988290071487427,-0.04587699845433235,-0.015340999700129032,0,0.04779500141739845,0.9848570227622986,0.1666489988565445,0,0.0074640000239014626,-0.16718700528144836,0.9858970046043396,0,0,7.520103931427002,0,1,0.9812790155410767,-0.1749960035085678,-0.08042000234127045,0,0.17785599827766418,0.9836040139198303,0.029833000153303146,0,0.07388100028038025,-0.04357700049877167,0.9963150024414062,0,0,3.3523709774017334,0.7353249788284302,1,-0.08198899775743484,0.015709999948740005,-0.9965090155601501,0,0.902209997177124,-0.42364001274108887,-0.08090999722480774,0,-0.42343199253082275,-0.9056950211524963,0.020560000091791153,0,3.5763509273529053,6.494558811187744,-0.09073200076818466,1,0.9531350135803223,0.14722700417041779,-0.2643069922924042,0,0.17676199972629547,0.43801501393318176,0.881417989730835,0,0.24553999304771423,-0.8868299722671509,0.3914630115032196,0,0,7.347099781036377,0,1,0.9735350012779236,0.2283329963684082,0.009677000343799591,0,-0.22847899794578552,0.9733690023422241,0.018685000017285347,0,-0.005152999889105558,-0.02040099911391735,0.9997789859771729,0,0,14.504785537719727,0,1,0.9009590148925781,0.4182029962539673,-0.11566600203514099,0,-0.40516600012779236,0.9062460064888,0.1206590011715889,0,0.15528200566768646,-0.061845000833272934,0.9859319925308228,0,0,12.8273286819458,0,1,0.9705430269241333,-0.07322400063276291,-0.22953100502490997,0,0.13713300228118896,0.9512090086936951,0.2763980031013489,0,0.1980929970741272,-0.2997330129146576,0.933230996131897,0,-1.6179039478302002,2.0895450115203857,0.703840970993042,1,0.9677069783210754,-0.2300020009279251,0.10316099971532822,0,0.23849999904632568,0.9679009914398193,-0.07927899807691574,0,-0.08161500096321106,0.10132300108671188,0.9915000200271606,0,-0.3463509976863861,2.1602671146392822,0,1,0.9911680221557617,-0.05467100068926811,0.12082099914550781,0,0.05623999983072281,0.9983710050582886,-0.009606000036001205,0,-0.12009900063276291,0.016316000372171402,0.9926279783248901,0,-0.05990799888968468,2.3155341148376465,0,1,0.9712160229682922,-0.2369920015335083,-0.023959999904036522,0,0.23814700543880463,0.9639549851417542,0.11864399909973145,0,-0.005022000055760145,-0.12093500047922134,0.9926480054855347,0,-1.4441009759902954,5.686261177062988,-0.12122400104999542,1,0.9994590282440186,-0.03203500062227249,-0.0074640000239014626,0,0.03207600116729736,0.89894700050354,0.43688100576400757,0,-0.007286000065505505,-0.43688398599624634,0.8994879722595215,0,0.0008950000046752393,1.9259190559387207,0,1,0.9998340010643005,-0.018036000430583954,-0.0026259999722242355,0,0.018046999350190163,0.9595509767532349,0.2809549868106842,0,-0.0025480000767856836,-0.2809549868106842,0.9597169756889343,0,-0.0019180000526830554,1.9583150148391724,0,1,0.967993974685669,-0.2504209876060486,-0.016673000529408455,0,0.2489590048789978,0.9496920108795166,0.19001300632953644,0,-0.031748998910188675,-0.1880819946527481,0.9816399812698364,0,1.4441020488739014,5.8092241287231445,-0.06036600098013878,1,0.9985449910163879,-0.05210699886083603,-0.013895000331103802,0,0.052365999668836594,0.8753319978713989,0.480677992105484,0,-0.012884000316262245,-0.48070600628852844,0.876787006855011,0,0.013069000095129013,2.0449368953704834,0,1,0.9998120069503784,-0.01860699988901615,-0.005539000034332275,0,0.01931300014257431,0.9241099953651428,0.3816379904747009,0,-0.0019829999655485153,-0.38167300820350647,0.9242950081825256,0,-0.016081999987363815,1.8211649656295776,0,1,0.05655699968338013,-0.015077999792993069,0.9982860088348389,0,-0.8716710209846497,-0.4882870018482208,0.04200899973511696,0,0.48681700229644775,-0.8725529909133911,-0.040759000927209854,0,-3.5763509273529053,6.492794036865234,-0.06788499653339386,1,0.9568899869918823,0.10383500158786774,0.2712570130825043,0,-0.2554030120372772,0.7455419898033142,0.6155779957771301,0,-0.13831500709056854,-0.6583200097084045,0.739920973777771,0,0,7.347099781036377,0,1,0.9810640215873718,-0.19343699514865875,-0.009790999814867973,0,0.19357100129127502,0.9809669852256775,0.015316000208258629,0,0.006641999818384647,-0.01692100055515766,0.9998350143432617,0,0,14.505090713500977,0,1,0.967818021774292,-0.1943420022726059,-0.15987199544906616,0,0.204693004488945,0.9775019884109497,0.05089399963617325,0,0.14638400077819824,-0.08197999745607376,0.9858250021934509,0,0,12.831805229187012,0,1,0.9912289977073669,0.015636999160051346,0.13122500479221344,0,-0.053560998290777206,0.9552980065345764,0.29075101017951965,0,-0.12081299722194672,-0.2952300012111664,0.9477570056915283,0,1.7199859619140625,2.094611883163452,0.6940950155258179,1,0.9713630080223083,0.23746299743652344,0.008097000420093536,0,-0.2366040050983429,0.9698429703712463,-0.05850600078701973,0,-0.02174600027501583,0.05491499975323677,0.9982540011405945,0,0.4443250000476837,2.1936678886413574,0,1,0.9987289905548096,0.013358999975025654,-0.04859999939799309,0,-0.014054999686777592,0.9998030066490173,-0.014007000252604485,0,0.048402998596429825,0.014671999961137772,0.9987199902534485,0,-0.04503500089049339,2.2375869750976562,0,1,0.9763680100440979,0.21556800603866577,0.015382999554276466,0,-0.21593399345874786,0.9701409935951233,0.110446996986866,0,0.00888499990105629,-0.11115899682044983,0.9937630295753479,0,1.2493400573730469,5.719580173492432,-0.09658200293779373,1,0.9982159733772278,0.058786001056432724,0.010420000180602074,0,-0.05876699835062027,0.9367049932479858,0.34515199065208435,0,0.01052900031208992,-0.3451490104198456,0.9384890198707581,0,-0.010480999946594238,1.980409026145935,0,1,0.9997590184211731,0.021776000037789345,0.002662000013515353,0,-0.02189899981021881,0.9833530187606812,0.18038199841976166,0,0.001310999970883131,-0.18039700388908386,0.9835929870605469,0,0.009263000451028347,1.944262981414795,0,1,0.9715790152549744,0.23320099711418152,0.04064299911260605,0,-0.23656700551509857,0.962643027305603,0.13173800706863403,0,-0.008403000421822071,-0.13760900497436523,0.9904509782791138,0,-1.2493400573730469,5.73362398147583,-0.20464399456977844,1,0.9978709816932678,0.06270100176334381,0.017930999398231506,0,-0.06268399953842163,0.8463320136070251,0.528954029083252,0,0.017990000545978546,-0.5289520025253296,0.8484609723091125,0,-0.00007000000186963007,2.0563859939575195,0,1,0.9991970062255859,0.039459001272916794,0.006891000084578991,0,-0.03951200097799301,0.942654013633728,0.3314239978790283,0,0.0065819998271763325,-0.33142998814582825,0.9434570074081421,0,-0.00014200000441633165,1.8229409456253052,0,1,-0.9212599992752075,-0.2158990055322647,0.32352200150489807,0,0.30925700068473816,-0.9110530018806458,0.27265700697898865,0,0.23587900400161743,0.35124000906944275,0.9060860276222229,0,4.825383186340332,-2.767975091934204,-0.47043800354003906,1,0.9966130256652832,-0.011644000187516212,-0.08140800148248672,0,-0.014781000092625618,0.9484429955482483,-0.31660300493240356,0,0.0808970034122467,0.3167339861392975,0.9450579881668091,0,0,19.313034057617188,0,1,0.9854559898376465,-0.16155199706554413,-0.05271099880337715,0,0.13368600606918335,0.545527994632721,0.827360987663269,0,-0.10490699857473373,-0.8223749995231628,0.5591909885406494,0,0,17.529306411743164,0,1,0.9982709884643555,0.0014169999631121755,0.05875600129365921,0,-0.025936000049114227,0.9077249765396118,0.41876399517059326,0,-0.052740998566150665,-0.41956400871276855,0.9061920046806335,0,0,8.28304672241211,0,1,-0.9839509725570679,-0.10824699699878693,-0.14185400307178497,0,0.10923700034618378,-0.9940149784088135,0.0008149999775923789,0,-0.14109399914741516,-0.014693999662995338,0.989886999130249,0,-4.825383186340332,-2.767975091934204,-0.32127898931503296,1,0.9893199801445007,0.026962999254465103,-0.14324399828910828,0,-0.07860100269317627,0.9262970089912415,-0.36850500106811523,0,0.12274999916553497,0.3758290112018585,0.9185230135917664,0,0,19.321796417236328,0,1,0.9947370290756226,-0.08460400253534317,0.05779699981212616,0,-0.037710998207330704,0.2221830040216446,0.9742760062217712,0,-0.09526900202035904,-0.9713280200958252,0.21782299876213074,0,0,17.528348922729492,0,1,0.9983919858932495,0.00018899999849963933,-0.056692998856306076,0,0.026193000376224518,0.8853309750556946,0.4642240107059479,0,0.050280001014471054,-0.4649620056152344,0.8839020133018494,0,0,8.195274353027344,0,1
K0.033,0.9908859729766846,-0.07655899971723557,0.1108349934220314,0,0.08260799944400787,0.995274007320404,-0.05104399472475052,0,-0.10640399158000946,0.059734996408224106,0.9925270080566406,0,-0.40928301215171814,43.15275955200195,0.4698110818862915,1,0.9958299994468689,0.08808799833059311,0.02372800000011921,0,-0.08472099900245667,0.9894409775733948,-0.11759199947118759,0,-0.0338359996676445,0.1150910034775734,0.9927780032157898,0,0,4.998507976531982,-0.3862130045890808,1,0.9927480220794678,0.1110989972949028,0.045924000442028046,0,-0.11099699884653091,0.9938089847564697,-0.004780002869665623,0,-0.04616999998688698,-0.00035199668491259217,0.9989339709281921,0,0,5.848974227905273,0,1,0.9927459955215454,0.11263799667358398,0.04205400124192238,0,-0.11259400099515915,0.9936349987983704,-0.0034300030674785376,0,-0.04217199981212616,-0.0013289966154843569,0.9991090297698975,0,0,6.684545040130615,0,1,0.9988260269165039,-0.04597900062799454,-0.015236999839544296,0,0.04788300022482872,0.9847490191459656,0.16726000607013702,0,0.007313999347388744,-0.16779300570487976,0.9857950210571289,0,0,7.520103931427002,0,1,0.9810910224914551,-0.17610400915145874,-0.08030100166797638,0,0.1791520118713379,0.98328697681427,0.03241802379488945,0,0.07325000315904617,-0.0461910255253315,0.9962430000305176,0,0,3.3523709774017334,0.7353249788284302,1,-0.0815420001745224,0.01568000018596649,-0.9965469837188721,0,0.902309000492096,-0.4235070049762726,-0.08049499988555908,0,-0.42330700159072876,-0.9057570099830627,0.020385000854730606,0,3.5763509273529053,6.494558811187744,-0.09073200076818466,1,0.9530199766159058,0.14754800498485565,-0.26454299688339233,0,0.17707499861717224,0.43720000982284546,0.8817600011825562,0,0.24576100707054138,-0.8871790170669556,0.3905330002307892,0,0,7.347099781036377,0,1,0.9735360145568848,0.22833000123500824,0.009676000103354454,0,-0.22847700119018555,0.9733700156211853,0.018685000017285347,0,-0.005152000114321709,-0.02040099911391735,0.9997789859771729,0,0,14.504785537719727,0,1,0.900771975517273,0.41910699009895325,-0.11383797973394394,0,-0.4066790044307709,0.9059810042381287,0.11751497536897659,0,0.15238696336746216,-0.059558987617492676,0.9865249991416931,0,0,12.8273286819458,0,1,0.9705430269241333,-0.07322400063276291,-0.22953100502490997,0,0.13713300228118896,0.9512090086936951,0.2763980031013489,0,0.1980929970741272,-0.2997319996356964,0.933230996131897,0,-1.6179039478302002,2.0895450115203857,0.703840970993042,1,0.9677069783210754,-0.2300020009279251,0.10316000133752823,0,0.23849999904632568,0.9679009914398193,-0.07927899807691574,0,-0.08161500096321106,0.1013220027089119,0.9915000200271606,0,-0.3463509976863861,2.1602671146392822,0,1,0.9911680221557617,-0.0546719990670681,0.12082099914550781,0,0.05623999983072281,0.9983710050582886,-0.009606000036001205,0,-0.12009900063276291,0.016316000372171402,0.9926279783248901,0,-0.05990799888968468,2.3155341148376465,0,1,0.9712160229682922,-0.2369920015335083,-0.023959999904036522,0,0.23814700543880463,0.9639549851417542,0.11864499747753143,0,-0.005022000055760145,-0.12093500047922134,0.9926480054855347,0,-1.4441009759902954,5.686261177062988,-0.12122400104999542,1,0.9994590282440186,-0.03203500062227249,-0.0074629997834563255,0,0.03207600116729736,0.89894700050354,0.43688100576400757,0,-0.007286000065505505,-0.43688398599624634,0.8994879722595215,0,0.0008950000046752393,1.9259190559387207,0,1,0.9998340010643005,-0.018036000430583954,-0.0026259999722242355,0,0.018046999350190163,0.9595509767532349,0.2809540033340454,0,-0.0025480000767856836,-0.2809549868106842,0.9597179889678955,0,-0.0019180000526830554,1.9583150148391724,0,1,0.9679930210113525,-0.2504209876060486,-0.016673000529408455,0,0.2489590048789978,0.9496920108795166,0.19001300632953644,0,-0.031748998910188675,-0.1880819946527481,0.9816399812698364,0,1.4441020488739014,5.8092241287231445,-0.06036600098013878,1,0.9985449910163879,-0.05210699886083603,-0.013895000331103802,0,0.052365999668836594,0.8753319978713989,0.480677992105484,0,-0.012884000316262245,-0.48070600628852844,0.876787006855011,0,0.013069000095129013,2.0449368953704834,0,1,0.9998120069503784,-0.01860699988901615,-0.005539000034332275,0,0.01931300014257431,0.9241099953651428,0.3816379904747009,0,-0.0019829999655485153,-0.38167300820350647,0.9242950081825256,0,-0.016081999987363815,1.8211649656295776,0,1,0.05698300898075104,-0.015053000301122665,0.9982619881629944,0,-0.8716859817504883,-0.4882270097732544,0.042395006865262985,0,0.48673999309539795,-0.8725870251655579,-0.0409420020878315,0,-3.5763509273529053,6.492794036865234,-0.06788499653339386,1,0.9564340114593506,0.10224997997283936,0.2734580338001251,0,-0.25573399662971497,0.7452629804611206,0.6157789826393127,0,-0.1408340334892273,-0.6588839888572693,0.7389429807662964,0,0,7.347099781036377,0,1,0.9812110066413879,-0.19268898665905,-0.00977999996393919,0,0.19282197952270508,0.9811149835586548,0.015256998129189014,0,0.006655000615864992,-0.0168559979647398,0.9998360276222229,0,0,14.505090713500977,0,1,0.9684569835662842,-0.1934340000152588,-0.15708398818969727,0,0.2042890042066574,0.9773060083389282,0.0560300387442112,0,0.14268097281455994,-0.08635302633047104,0.9859949946403503,0,0,12.831805229187012,0,1,0.9912139773368835,0.015553999692201614,0.13135400414466858,0,-0.05350299924612045,0.955344021320343,0.29061299562454224,0,-0.12096700072288513,-0.2950870096683502,0.9477819800376892,0,1.7199859619140625,2.094611883163452,0.6940950155258179,1,0.9713220000267029,0.23763799667358398,0.00791699904948473,0,-0.23679299652576447,0.9698100090026855,-0.05829700082540512,0,-0.0215309988707304,0.05475100129842758,0.9982680082321167,0,0.4443250000476837,2.1936678886413574,0,1,0.9987419843673706,0.013353001326322556,-0.048335000872612,0,-0.014035000465810299,0.9998059868812561,-0.013799998909235,0,0.048142001032829285,0.014460999518632889,0.9987360239028931,0,-0.04503500089049339,2.2375869750976562,0,1,0.9763889908790588,0.2154739946126938,0.015375000424683094,0,-0.21583999693393707,0.97017502784729,0.1103380024433136,0,0.008857999928295612,-0.11105100065469742,0.9937750101089478,0,1.2493400573730469,5.719580173492432,-0.09658200293779373,1,0.9982140064239502,0.05881299823522568,0.010431000031530857,0,-0.05879399925470352,0.9366310238838196,0.3453480005264282,0,0.01054100040346384,-0.34534499049186707,0.9384170174598694,0,-0.010480999946594238,1.980409026145935,0,1,0.9997590184211731,0.021771999076008797,0.00266100000590086,0,-0.021895000711083412,0.9833589792251587,0.18035100400447845,0,0.0013099999632686377,-0.18036599457263947,0.9835990071296692,0,0.009263000451028347,1.944262981414795,0,1,0.9715840220451355,0.23318099975585938,0.04064000025391579,0,-0.23654599487781525,0.9626700282096863,0.13157400488853455,0,-0.008442999795079231,-0.1374479979276657,0.9904729723930359,0,-1.2493400573730469,5.73362398147583,-0.20464399456977844,1,0.9978700280189514,0.06272400170564651,0.017945999279618263,0,-0.06270699948072433,0.84620600938797,0.5291540026664734,0,0.018005000427365303,-0.529151976108551,0.8483359813690186,0,-0.00007000000186963007,2.0563859939575195,0,1,0.999193012714386,0.03956399857997894,0.006928000133484602,0,-0.03961699828505516,0.9423360228538513,0.33231601119041443,0,0.0066189998760819435,-0.33232200145721436,0.9431430101394653,0,-0.00014200000441633165,1.8229409456253052,0,1,-0.9212070107460022,-0.21575599908828735,0.32377099990844727,0,0.309255987405777,-0.911001980304718,0.2728300094604492,0,0.2360920011997223,0.3514609932899475,0.9059450030326843,0,4.825383186340332,-2.767975091934204,-0.47043800354003906,1,0.9965779781341553,-0.012310007587075233,-0.08173699676990509,0,-0.014249993488192558,0.9484599828720093,-0.3165769875049591,0,0.08142101019620895,0.31665799021720886,0.9450389742851257,0,0,19.313034057617188,0,1,0.985526978969574,-0.16110900044441223,-0.052723001688718796,0,0.13343599438667297,0.5454660058021545,0.82744300365448,0,-0.10454998910427094,-0.8225029706954956,0.5590689778327942,0,0,17.529306411743164,0,1,0.9982690215110779,0.0014360001077875495,0.05878699943423271,0,-0.025939999148249626,0.9079369902610779,0.4183039963245392,0,-0.05277400091290474,-0.41910499334335327,0.9064030051231384,0,0,8.28304672241211,0,1,-0.9839619994163513,-0.10804200172424316,-0.14193500578403473,0,0.1090570017695427,-0.994035005569458,0.0006359977414831519,0,-0.14115700125694275,-0.014854001812636852,0.9898759722709656,0,-4.825383186340332,-2.767975091934204,-0.32127898931503296,1,0.9892749786376953,0.027139000594615936,-0.14351899921894073,0,-0.07879699766635895,0.926501989364624,-0.3679470121860504,0,0.12298499792814255,0.3753100037574768,0.9187039732933044,0,0,19.321796417236328,0,1,0.994737982749939,-0.08457399904727936,0.057819999754428864,0,-0.03773599863052368,0.22222800552845,0.9742640256881714,0,-0.09524600207805634,-0.9713199734687805,0.21786700189113617,0,0,17.528348922729492,0,1,0.9983909726142883,0.0001839999749790877,-0.05670199915766716,0,0.026194000616669655,0.8853960037231445,0.4640980064868927,0,0.05028900131583214,-0.4648370146751404,0.8839669823646545,0,0,8.195274353027344,0,1
K0.067,0.9909499883651733,-0.07640200108289719,0.1103690043091774,0,0.08239299803972244,0.9953050017356873,-0.05078200250864029,0,-0.10597100853919983,0.05941600352525711,0.992592990398407,0,-0.40861499309539795,43.154422760009766,0.4796158969402313,1,0.9958580136299133,0.08778999745845795,0.023638000711798668,0,-0.08442699909210205,0.9894369840621948,-0.1178399994969368,0,-0.03373299911618233,0.11535599827766418,0.9927510023117065,0,0,4.998507976531982,-0.3862130045890808,1,0.9927889704704285,0.11080300062894821,0.04574799910187721,0,-0.1106870025396347,0.9938420057296753,-0.0050799972377717495,0,-0.04602999985218048,-0.000020003299141535535,0.9989399909973145,0,0,5.848974227905273,0,1,0.9927870035171509,0.11233899742364883,0.04188799858093262,0,-0.11228100210428238,0.9936689734458923,-0.0037419970612972975,0,-0.04204300045967102,-0.0009890033397823572,0.999114990234375,0,0,6.684545040130615,0,1,0.9988179802894592,-0.04615499824285507,-0.015232999809086323,0,0.04805700108408928,0.9846889972686768,0.16756699979305267,0,0.007265000604093075,-0.1681009978055954,0.98574298620224,0,0,7.520103931427002,0,1,0.9807969927787781,-0.17757198214530945,-0.08065299689769745,0,0.1808129847049713,0.9829019904136658,0.03477797657251358,0,0.07309900224208832,-0.0486929751932621,0.9961349964141846,0,0,3.3523709774017334,0.7353249788284302,1,-0.08145300298929214,0.015644000843167305,-0.9965540170669556,0,0.902442991733551,-0.42323899269104004,-0.08040499687194824,0,-0.4230389893054962,-0.9058830142021179,0.020356999710202217,0,3.5763509273529053,6.494558811187744,-0.09073200076818466,1,0.9529179930686951,0.14765499532222748,-0.2648490071296692,0,0.17737600207328796,0.43697598576545715,0.8818100094795227,0,0.24593700468540192,-0.887270987033844,0.3902119994163513,0,0,7.347099781036377,0,1,0.9735360145568848,0.22832800447940826,0.009676000103354454,0,-0.22847500443458557,0.9733700156211853,0.018685000017285347,0,-0.005152999889105558,-0.02040099911391735,0.9997789859771729,0,0,14.504785537719727,0,1,0.9007120132446289,0.4197779893875122,-0.11181902140378952,0,-0.4077959954738617,0.9057480096817017,0.11542101949453354,0,0.14973102509975433,-0.05836101248860359,0.9870030283927917,0,0,12.8273286819458,0,1,0.9705430269241333,-0.07322400063276291,-0.22953100502490997,0,0.13713300228118896,0.9512090086936951,0.2763980031013489,0,0.1980929970741272,-0.2997330129146576,0.933230996131897,0,-1.6179039478302002,2.0895450115203857,0.703840970993042,1,0.9677069783210754,-0.2300020009279251,0.10316099971532822,0,0.23849999904632568,0.9679009914398193,-0.07927899807691574,0,-0.08161500096321106,0.10132300108671188,0.9915000200271606,0,-0.3463509976863861,2.1602671146392822,0,1,0.9911680221557617,-0.05467100068926811,0.12082099914550781,0,0.05623999983072281,0.9983710050582886,-0.009604999795556068,0,-0.12009900063276291,0.016315000131726265,0.9926279783248901,0,-0.05990799888968468,2.3155341148376465,0,1,0.9712160229682922,-0.2369920015335083,-0.023959999904036522,0,0.23814700543880463,0.9639549851417542,0.11864499747753143,0,-0.005022000055760145,-0.12093500047922134,0.9926480054855347,0,-1.4441009759902954,5.686261177062988,-0.12122400104999542,1,0.9994590282440186,-0.03203500062227249,-0.0074640000239014626,0,0.03207600116729736,0.89894700050354,0.43688100576400757,0,-0.007286000065505505,-0.43688398599624634,0.8994879722595215,0,0.0008950000046752393,1.9259190559387207,0,1,0.9998340010643005,-0.018036000430583954,-0.0026259999722242355,0,0.018046999350190163,0.9595509767532349,0.2809540033340454,0,-0.0025480000767856836,-0.2809549868106842,0.9597179889678955,0,-0.0019180000526830554,1.9583150148391724,0,1,0.967993974685669,-0.2504209876060486,-0.016673000529408455,0,0.2489590048789978,0.9496920108795166,0.19001300632953644,0,-0.031748998910188675,-0.1880829930305481,0.9816399812698364,0,1.4441020488739014,5.8092241287231445,-0.06036600098013878,1,0.9985449910163879,-0.05210699886083603,-0.013895000331103802,0,0.052365999668836594,0.8753319978713989,0.480677992105484,0,-0.012884000316262245,-0.48070600628852844,0.876787006855011,0,0.013069000095129013,2.0449368953704834,0,1,0.9998120069503784,-0.01860699988901615,-0.005539000034332275,0,0.01931300014257431,0.9241099953651428,0.3816379904747009,0,-0.0019829999655485153,-0.38167300820350647,0.9242950081825256,0,-0.016081999987363815,1.8211649656295776,0,1,0.05776799097657204,-0.015018999576568604,0.998216986656189,0,-0.8715659976005554,-0.4883800148963928,0.04308999329805374,0,0.4868620038032532,-0.8725020289421082,-0.04130299761891365,0,-3.5763509273529053,6.492794036865234,-0.06788499653339386,1,0.9558889865875244,0.10023202002048492,0.2760959565639496,0,-0.25626200437545776,0.7439510226249695,0.617143988609314,0,-0.14354397356510162,-0.6606749892234802,0.7368199825286865,0,0,7.347099781036377,0,1,0.9815589785575867,-0.19091302156448364,-0.009751999750733376,0,0.19104501605033875,0.9814649820327759,0.015116001479327679,0,0.006685999687761068,-0.016700001433491707,0.9998379945755005,0,0,14.505090713500977,0,1,0.9687849879264832,-0.19342300295829773,-0.1550610214471817,0,0.2046390026807785,0.9770079851150513,0.05981696397066116,0,0.1399260312318802,-0.0896819680929184,0.9860919713973999,0,0,12.831805229187012,0,1,0.9912279844284058,0.015522000379860401,0.13124999403953552,0,-0.05345600098371506,0.9553089737892151,0.29073700308799744,0,-0.12087099999189377,-0.29520300030708313,0.9477580189704895,0,1.7199859619140625,2.094611883163452,0.6940950155258179,1,0.9713019728660583,0.23772099614143372,0.0078300004824996,0,-0.2368829995393753,0.969793975353241,-0.05819699913263321,0,-0.021428002044558525,0.0546719990670681,0.998274028301239,0,0.4443250000476837,2.1936678886413574,0,1,0.9987450242042542,0.013467999175190926,-0.04824399948120117,0,-0.014144998975098133,0.9998059868812561,-0.013711000792682171,0,0.04805000126361847,0.014376000501215458,0.9987409710884094,0,-0.04503500089049339,2.2375869750976562,0,1,0.9763720035552979,0.2155500054359436,0.015382000245153904,0,-0.2159159928560257,0.9701480269432068,0.11042600125074387,0,0.00887999963015318,-0.1111380010843277,0.9937649965286255,0,1.2493400573730469,5.719580173492432,-0.09658200293779373,1,0.9982140064239502,0.058827001601457596,0.01043699961155653,0,-0.058807000517845154,0.9365959763526917,0.345441997051239,0,0.010545999743044376,-0.34543800354003906,0.9383820295333862,0,-0.010480999946594238,1.980409026145935,0,1,0.9997590184211731,0.021776000037789345,0.002662000013515353,0,-0.02189899981021881,0.9833539724349976,0.18037599325180054,0,0.0013099999632686377,-0.18039099872112274,0.9835940003395081,0,0.009263000451028347,1.944262981414795,0,1,0.9715800285339355,0.23319700360298157,0.04064299911260605,0,-0.23656299710273743,0.9626479744911194,0.13170699775218964,0,-0.008410999551415443,-0.13757899403572083,0.9904549717903137,0,-1.2493400573730469,5.73362398147583,-0.20464399456977844,1,0.9978690147399902,0.06273499876260757,0.017952999100089073,0,-0.0627179965376854,0.84614497423172,0.5292490124702454,0,0.018012000247836113,-0.529246985912323,0.8482769727706909,0,-0.00007000000186963007,2.0563859939575195,0,1,0.9991919994354248,0.03958500176668167,0.006934999953955412,0,-0.03963800147175789,0.9422739744186401,0.33248698711395264,0,0.006626000162214041,-0.33249300718307495,0.9430819749832153,0,-0.00014200000441633165,1.8229409456253052,0,1,-0.9211660027503967,-0.21562999486923218,0.3239719867706299,0,0.3092249929904938,-0.9109920263290405,0.27289700508117676,0,0.23629100620746613,0.3515630066394806,0.9058529734611511,0,4.825383186340332,-2.767975091934204,-0.47043800354003906,1,0.9965519905090332,-0.0130119938403368,-0.08194199949502945,0,-0.01364300586283207,0.948481023311615,-0.31654098629951477,0,0.08183899521827698,0.316567987203598,0.9450330138206482,0,0,19.313034057617188,0,1,0.985601007938385,-0.16064099967479706,-0.052769001573324203,0,0.13319499790668488,0.5453670024871826,0.827547013759613,0,-0.10415900498628616,-0.8226600289344788,0.5589110255241394,0,0,17.529306411743164,0,1,0.9982680082321167,0.001451999880373478,0.05881299823522568,0,-0.025942999869585037,0.9081109762191772,0.4179239869117737,0,-0.05280200019478798,-0.41872599720954895,0.9065759778022766,0,0,8.28304672241211,0,1,-0.9839609861373901,-0.10782399773597717,-0.1421079933643341,0,0.10887099802494049,-0.994055986404419,0.000410002248827368,0,-0.14130699634552002,-0.015067998319864273,0.9898509979248047,0,-4.825383186340332,-2.767975091934204,-0.32127898931503296,1,0.9892439842224121,0.02717999927699566,-0.14372700452804565,0,-0.07884500175714493,0.9267070293426514,-0.3674210011959076,0,0.1232059970498085,0.37480100989341736,0.9188820123672485,0,0,19.321796417236328,0,1,0.9947460293769836,-0.08445800095796585,0.057851001620292664,0,-0.03779099881649017,0.2222370058298111,0.9742599725723267,0,-0.09514100104570389,-0.9713280200958252,0.21787700057029724,0,0,17.528348922729492,0,1,0.9983909726142883,0.00018100002489518374,-0.05670800060033798,0,0.026195000857114792,0.8854399919509888,0.4640139937400818,0,0.05029600113630295,-0.46475300192832947,0.8840109705924988,0,0,8.195274353027344,0,1
